Person 0.00 0 0.00 0.00 0.00 0.00 0.00 1.85 0.82 0.80 -0.52 0.27 -1.56 -1.28
Person 0.00 0 0.00 0.00 0.00 0.00 0.00 1.81 0.82 0.66 -2.50 0.34 2.29 0.49
Couch 0.00 0 0.00 0.00 0.00 0.00 0.00 1.17 1.24 2.23 -1.61 0.42 3.46 -3.35
Chair 0.00 0 0.00 0.00 0.00 0.00 0.00 0.87 0.72 0.86 -2.08 0.24 -0.93 -1.81
Table 0.00 0 0.00 0.00 0.00 0.00 0.00 0.80 0.86 1.40 -2.64 0.40 -2.99 1.37
Chair 0.00 0 0.00 0.00 0.00 0.00 0.00 0.92 0.72 0.67 -1.23 0.26 -1.08 -1.73
Chair 0.00 0 0.00 0.00 0.00 0.00 0.00 0.89 0.67 0.67 -0.59 0.23 -0.78 -2.84
Chair 0.00 0 0.00 0.00 0.00 0.00 0.00 0.43 0.64 0.67 0.06 0.25 -1.69 0.51
Couch 0.00 0 0.00 0.00 0.00 0.00 0.00 0.93 1.02 1.83 1.25 0.28 -2.29 -1.07
Table 0.00 0 0.00 0.00 0.00 0.00 0.00 0.60 1.18 0.59 0.43 0.28 -2.03 -2.76
