Person 0.00 0 0.00 0.00 0.00 0.00 0.00 1.78 0.81 0.77 -1.24 0.46 -1.15 -0.57
Person 0.00 0 0.00 0.00 0.00 0.00 0.00 1.81 0.82 0.66 -3.21 0.46 2.08 0.48
Couch 0.00 0 0.00 0.00 0.00 0.00 0.00 1.17 1.24 2.23 -1.96 0.52 4.17 -3.45
Chair 0.00 0 0.00 0.00 0.00 0.00 0.00 0.83 0.65 0.62 -2.49 0.38 -0.13 -1.87
Table 0.00 0 0.00 0.00 0.00 0.00 0.00 0.80 0.86 1.40 -2.43 0.35 -2.45 1.29
Chair 0.00 0 0.00 0.00 0.00 0.00 0.00 0.92 0.72 0.67 -1.12 0.36 -0.42 -1.87
Chair 0.00 0 0.00 0.00 0.00 0.00 0.00 0.85 0.67 0.67 -0.47 0.35 -0.01 -3.23
Chair 0.00 0 0.00 0.00 0.00 0.00 0.00 0.43 0.64 0.67 0.18 0.24 -0.81 0.42
Couch 0.00 0 0.00 0.00 0.00 0.00 0.00 0.93 0.88 1.68 1.39 0.13 -1.36 -1.23
Chair 0.00 0 0.00 0.00 0.00 0.00 0.00 1.01 0.92 0.79 1.26 0.18 0.25 -3.99
Table 0.00 0 0.00 0.00 0.00 0.00 0.00 0.60 1.19 0.56 0.64 0.28 -1.03 -2.84
