Person 0.00 0 0.00 0.00 0.00 0.00 0.00 1.85 0.59 0.73 -1.00 0.30 -2.13 -0.99
Person 0.00 0 0.00 0.00 0.00 0.00 0.00 1.85 0.81 0.68 -0.71 0.35 1.90 0.58
Couch 0.00 0 0.00 0.00 0.00 0.00 0.00 1.17 1.24 2.23 0.68 0.35 2.08 -2.62
Chair 0.00 0 0.00 0.00 0.00 0.00 0.00 0.94 0.78 0.72 -2.15 0.31 0.37 -1.09
Chair 0.00 0 0.00 0.00 0.00 0.00 0.00 0.92 0.79 0.62 -2.17 0.39 -1.68 -1.00
Chair 0.00 0 0.00 0.00 0.00 0.00 0.00 0.95 0.67 0.67 -1.38 0.41 -1.71 -2.09
Chair 0.00 0 0.00 0.00 0.00 0.00 0.00 0.43 0.64 0.67 -1.54 0.28 -2.79 1.24
Couch 0.00 0 0.00 0.00 0.00 0.00 0.00 0.93 1.02 1.83 -1.03 0.39 -4.07 -0.54
Chair 0.00 0 0.00 0.00 0.00 0.00 0.00 0.88 0.68 0.64 0.47 0.20 -0.81 -2.66
Couch 0.00 0 0.00 0.00 0.00 0.00 0.00 0.91 0.81 1.28 0.91 0.16 0.02 -4.24
Table 0.00 0 0.00 0.00 0.00 0.00 0.00 0.64 1.24 0.57 -1.43 0.40 -3.38 -2.07
