Person 0.00 0 0.00 0.00 0.00 0.00 0.00 1.77 0.86 0.78 -3.26 0.33 -0.04 -0.21
Person 0.00 0 0.00 0.00 0.00 0.00 0.00 1.76 0.89 0.78 -1.62 0.23 -0.52 -1.18
Couch 0.00 0 0.00 0.00 0.00 0.00 0.00 1.17 1.24 2.23 -4.50 0.61 2.54 -4.57
Chair 0.00 0 0.00 0.00 0.00 0.00 0.00 0.75 0.67 0.63 -0.86 0.18 0.37 -3.20
Chair 0.00 0 0.00 0.00 0.00 0.00 0.00 0.94 0.67 0.59 -2.33 0.25 0.49 -3.01
Chair 0.00 0 0.00 0.00 0.00 0.00 0.00 0.94 0.77 0.63 -1.64 0.25 0.83 -3.15
Chair 0.00 0 0.00 0.00 0.00 0.00 0.00 0.78 0.67 0.63 -0.25 0.16 0.92 -3.12
Table 0.00 0 0.00 0.00 0.00 0.00 0.00 0.80 0.86 1.40 1.43 0.15 -0.15 0.03
Chair 0.00 0 0.00 0.00 0.00 0.00 0.00 0.43 0.58 0.67 0.93 0.20 2.75 -0.82
Couch 0.00 0 0.00 0.00 0.00 0.00 0.00 0.93 1.00 1.68 1.99 0.47 3.72 -2.39
Chair 0.00 0 0.00 0.00 0.00 0.00 0.00 1.01 0.92 0.79 0.25 0.41 4.23 -4.65
Table 0.00 0 0.00 0.00 0.00 0.00 0.00 0.57 1.19 0.56 1.36 0.25 2.98 -4.04
