Person 0.00 0 0.00 0.00 0.00 0.00 0.00 1.81 0.73 0.68 -0.80 0.31 -2.75 -1.09
Person 0.00 0 0.00 0.00 0.00 0.00 0.00 1.76 0.72 0.51 -1.25 0.38 -2.08 -0.76
Couch 0.00 0 0.00 0.00 0.00 0.00 0.00 1.17 1.24 2.23 -5.19 0.51 -1.21 1.16
Chair 0.00 0 0.00 0.00 0.00 0.00 0.00 0.75 0.65 0.62 -1.03 0.11 -1.47 -3.51
Chair 0.00 0 0.00 0.00 0.00 0.00 0.00 0.94 0.77 0.72 -1.99 0.37 -1.39 -3.57
Chair 0.00 0 0.00 0.00 0.00 0.00 0.00 0.78 0.67 0.67 -0.73 0.17 -0.69 -3.58
Table 0.00 0 0.00 0.00 0.00 0.00 0.00 0.80 0.86 1.40 1.29 0.14 -0.99 -0.43
Chair 0.00 0 0.00 0.00 0.00 0.00 0.00 0.78 0.67 0.67 -0.69 0.20 0.02 -3.57
Chair 0.00 0 0.00 0.00 0.00 0.00 0.00 0.78 0.67 0.67 -1.26 0.20 0.59 1.48
Chair 0.00 0 0.00 0.00 0.00 0.00 0.00 0.43 0.64 0.67 -0.51 0.23 1.30 -1.29
Couch 0.00 0 0.00 0.00 0.00 0.00 0.00 0.93 0.88 1.68 0.07 0.25 2.63 -2.94
Chair 0.00 0 0.00 0.00 0.00 0.00 0.00 1.01 0.92 0.79 -1.73 0.47 2.29 0.45
Table 0.00 0 0.00 0.00 0.00 0.00 0.00 0.57 1.19 0.56 -0.14 0.22 1.82 -4.50
