Person 0.00 0 0.00 0.00 0.00 0.00 0.00 1.77 0.77 0.78 -3.44 0.31 0.60 -0.33
Person 0.00 0 0.00 0.00 0.00 0.00 0.00 1.76 0.89 0.78 -1.74 0.39 -0.19 -0.60
Couch 0.00 0 0.00 0.00 0.00 0.00 0.00 1.17 1.24 2.23 -4.11 0.50 2.97 -4.59
Chair 0.00 0 0.00 0.00 0.00 0.00 0.00 0.75 0.67 0.63 -0.78 0.17 0.62 -2.99
Chair 0.00 0 0.00 0.00 0.00 0.00 0.00 0.94 0.67 0.59 -2.20 0.22 0.89 -2.98
Chair 0.00 0 0.00 0.00 0.00 0.00 0.00 0.94 0.77 0.63 -1.47 0.34 1.19 -3.08
Chair 0.00 0 0.00 0.00 0.00 0.00 0.00 0.78 0.67 0.63 -0.16 0.16 1.08 -2.98
Table 0.00 0 0.00 0.00 0.00 0.00 0.00 0.80 0.86 1.40 1.43 0.18 -0.22 0.10
Chair 0.00 0 0.00 0.00 0.00 0.00 0.00 0.48 0.58 0.67 1.21 0.28 2.75 -0.70
Couch 0.00 0 0.00 0.00 0.00 0.00 0.00 0.93 1.12 1.68 2.43 0.39 3.60 -2.29
Table 0.00 0 0.00 0.00 0.00 0.00 0.00 0.58 1.19 0.56 1.72 0.30 2.99 -3.89
