Person 0.00 0 0.00 0.00 0.00 0.00 0.00 1.78 0.81 0.68 -1.09 0.25 -1.26 -0.96
Person 0.00 0 0.00 0.00 0.00 0.00 0.00 1.81 0.82 0.66 -3.18 0.46 1.89 0.21
Couch 0.00 0 0.00 0.00 0.00 0.00 0.00 1.17 1.24 2.23 -1.51 0.48 3.92 -3.33
Chair 0.00 0 0.00 0.00 0.00 0.00 0.00 0.94 0.77 0.72 -2.35 0.40 0.89 -1.73
Chair 0.00 0 0.00 0.00 0.00 0.00 0.00 0.87 0.67 0.86 -1.90 0.31 -0.44 -1.76
Table 0.00 0 0.00 0.00 0.00 0.00 0.00 0.80 0.86 1.40 -2.59 0.28 -2.33 1.36
Chair 0.00 0 0.00 0.00 0.00 0.00 0.00 0.92 0.72 0.67 -1.10 0.34 -0.61 -1.80
Chair 0.00 0 0.00 0.00 0.00 0.00 0.00 0.85 0.67 0.67 -0.51 0.21 -0.19 -3.01
Chair 0.00 0 0.00 0.00 0.00 0.00 0.00 0.43 0.64 0.67 0.07 0.27 -1.06 0.57
Couch 0.00 0 0.00 0.00 0.00 0.00 0.00 0.93 1.02 1.83 1.37 0.30 -1.66 -1.13
Chair 0.00 0 0.00 0.00 0.00 0.00 0.00 1.15 0.92 0.79 1.24 0.31 -0.06 -3.85
Table 0.00 0 0.00 0.00 0.00 0.00 0.00 0.60 1.18 0.59 0.46 0.28 -1.42 -2.66
