Person 0.00 0 0.00 0.00 0.00 0.00 0.00 1.78 0.84 0.66 -1.25 0.35 -1.81 -1.01
Person 0.00 0 0.00 0.00 0.00 0.00 0.00 1.78 0.71 0.78 -2.82 0.44 -1.01 -0.20
Couch 0.00 0 0.00 0.00 0.00 0.00 0.00 1.17 1.24 2.23 -4.48 0.65 2.45 -4.24
Chair 0.00 0 0.00 0.00 0.00 0.00 0.00 0.78 0.67 0.72 -1.13 0.15 -0.64 -2.69
Table 0.00 0 0.00 0.00 0.00 0.00 0.00 0.80 0.86 1.40 -0.09 0.24 -2.40 0.44
Chair 0.00 0 0.00 0.00 0.00 0.00 0.00 0.78 0.72 0.67 -0.63 0.18 -0.13 -2.68
Chair 0.00 0 0.00 0.00 0.00 0.00 0.00 0.78 0.67 0.67 -0.52 0.20 0.60 -3.89
Chair 0.00 0 0.00 0.00 0.00 0.00 0.00 0.43 0.64 0.67 0.52 0.16 0.51 -0.34
Couch 0.00 0 0.00 0.00 0.00 0.00 0.00 0.93 0.88 1.68 1.88 0.25 0.88 -2.05
Chair 0.00 0 0.00 0.00 0.00 0.00 0.00 1.01 0.92 0.79 0.45 0.17 2.03 1.00
Table 0.00 0 0.00 0.00 0.00 0.00 0.00 0.57 1.19 0.56 1.12 0.19 0.63 -3.59
