Person 0.00 0 0.00 0.00 0.00 0.00 0.00 1.72 0.92 0.68 -2.10 0.40 -1.82 -0.66
Person 0.00 0 0.00 0.00 0.00 0.00 0.00 1.74 0.82 0.43 -1.00 0.31 -1.44 -0.82
Couch 0.00 0 0.00 0.00 0.00 0.00 0.00 1.17 1.24 2.23 -5.17 0.62 -0.41 1.15
Chair 0.00 0 0.00 0.00 0.00 0.00 0.00 0.75 0.67 0.63 -0.97 0.16 -0.46 -3.60
Chair 0.00 0 0.00 0.00 0.00 0.00 0.00 0.94 0.77 0.63 -1.91 0.15 -0.38 -3.58
Chair 0.00 0 0.00 0.00 0.00 0.00 0.00 0.78 0.67 0.67 -0.72 0.18 0.29 -3.61
Table 0.00 0 0.00 0.00 0.00 0.00 0.00 0.80 0.86 1.40 1.30 0.16 0.26 -0.46
Chair 0.00 0 0.00 0.00 0.00 0.00 0.00 0.43 0.64 0.67 -0.57 0.31 2.46 -1.33
Couch 0.00 0 0.00 0.00 0.00 0.00 0.00 0.93 1.00 1.68 -0.04 0.43 3.78 -3.03
Chair 0.00 0 0.00 0.00 0.00 0.00 0.00 1.01 0.92 0.79 -1.93 0.33 3.30 0.44
Table 0.00 0 0.00 0.00 0.00 0.00 0.00 0.57 1.19 0.56 -0.41 0.31 3.01 -4.59
