Person 0.00 0 0.00 0.00 0.00 0.00 0.00 1.77 0.86 0.78 -3.30 0.34 0.58 -0.28
Person 0.00 0 0.00 0.00 0.00 0.00 0.00 1.76 0.89 0.78 -1.75 0.26 -0.25 -0.85
Couch 0.00 0 0.00 0.00 0.00 0.00 0.00 1.17 1.24 2.23 -4.28 0.48 3.07 -4.58
Chair 0.00 0 0.00 0.00 0.00 0.00 0.00 0.75 0.67 0.63 -0.74 0.18 0.55 -3.08
Chair 0.00 0 0.00 0.00 0.00 0.00 0.00 0.94 0.67 0.59 -2.24 0.31 0.78 -2.96
Chair 0.00 0 0.00 0.00 0.00 0.00 0.00 0.94 0.77 0.63 -1.55 0.31 1.17 -3.12
Chair 0.00 0 0.00 0.00 0.00 0.00 0.00 0.78 0.67 0.63 -0.17 0.17 1.01 -3.16
Table 0.00 0 0.00 0.00 0.00 0.00 0.00 0.80 0.86 1.40 1.46 0.19 -0.22 0.12
Chair 0.00 0 0.00 0.00 0.00 0.00 0.00 0.43 0.58 0.67 1.18 0.21 2.69 -0.73
Couch 0.00 0 0.00 0.00 0.00 0.00 0.00 0.93 1.12 1.68 2.33 0.33 3.55 -2.42
Table 0.00 0 0.00 0.00 0.00 0.00 0.00 0.57 1.19 0.56 1.64 0.25 2.94 -3.97
