Person 0.00 0 0.00 0.00 0.00 0.00 0.00 1.81 0.73 0.68 -1.56 0.32 -2.41 -0.96
Person 0.00 0 0.00 0.00 0.00 0.00 0.00 1.76 0.72 0.44 -0.91 0.26 -1.91 -1.17
Couch 0.00 0 0.00 0.00 0.00 0.00 0.00 1.17 1.24 2.23 -5.10 0.56 -1.14 1.21
Chair 0.00 0 0.00 0.00 0.00 0.00 0.00 0.75 0.61 0.62 -0.99 0.12 -1.10 -3.54
Chair 0.00 0 0.00 0.00 0.00 0.00 0.00 0.94 0.77 0.63 -1.85 0.19 -1.08 -3.61
Chair 0.00 0 0.00 0.00 0.00 0.00 0.00 0.78 0.67 0.67 -0.68 0.17 -0.29 -3.54
Table 0.00 0 0.00 0.00 0.00 0.00 0.00 0.80 0.86 1.40 1.33 0.19 -0.51 -0.46
Chair 0.00 0 0.00 0.00 0.00 0.00 0.00 0.78 0.67 0.67 -0.68 0.20 0.43 -3.57
Chair 0.00 0 0.00 0.00 0.00 0.00 0.00 0.78 0.67 0.67 -1.26 0.20 0.98 1.48
Chair 0.00 0 0.00 0.00 0.00 0.00 0.00 0.43 0.64 0.67 -0.53 0.25 1.76 -1.33
Couch 0.00 0 0.00 0.00 0.00 0.00 0.00 0.93 0.88 1.68 0.10 0.25 2.94 -2.92
Chair 0.00 0 0.00 0.00 0.00 0.00 0.00 1.01 0.92 0.79 -1.74 0.36 2.73 0.40
Table 0.00 0 0.00 0.00 0.00 0.00 0.00 0.57 1.19 0.56 -0.28 0.24 2.26 -4.54
