Person 0.00 0 0.00 0.00 0.00 0.00 0.00 1.57 0.72 0.74 -1.70 0.31 -1.69 -0.81
Couch 0.00 0 0.00 0.00 0.00 0.00 0.00 1.17 1.24 2.23 -4.55 0.62 2.67 -4.20
Chair 0.00 0 0.00 0.00 0.00 0.00 0.00 0.75 0.65 0.62 -1.96 0.08 -0.63 -2.58
Chair 0.00 0 0.00 0.00 0.00 0.00 0.00 0.94 0.77 0.72 -2.47 0.35 0.03 -2.61
Chair 0.00 0 0.00 0.00 0.00 0.00 0.00 0.78 0.67 0.72 -1.23 0.16 -0.42 -2.64
Table 0.00 0 0.00 0.00 0.00 0.00 0.00 0.80 0.86 1.40 -0.12 0.27 -2.20 0.44
Chair 0.00 0 0.00 0.00 0.00 0.00 0.00 0.78 0.72 0.67 -0.62 0.20 0.06 -2.67
Chair 0.00 0 0.00 0.00 0.00 0.00 0.00 0.78 0.67 0.67 -0.53 0.20 0.82 -3.78
Chair 0.00 0 0.00 0.00 0.00 0.00 0.00 0.43 0.64 0.67 0.52 0.19 0.71 -0.37
Couch 0.00 0 0.00 0.00 0.00 0.00 0.00 0.93 0.88 1.68 1.89 0.25 1.14 -2.07
Chair 0.00 0 0.00 0.00 0.00 0.00 0.00 1.01 0.92 0.79 0.40 0.28 2.28 -4.63
Table 0.00 0 0.00 0.00 0.00 0.00 0.00 0.57 1.19 0.56 1.14 0.16 0.77 -3.67
