Person 0.00 0 0.00 0.00 0.00 0.00 0.00 1.72 0.92 0.68 -2.35 0.37 -1.50 -0.58
Person 0.00 0 0.00 0.00 0.00 0.00 0.00 1.82 0.82 0.43 -1.15 0.28 -1.34 -0.74
Couch 0.00 0 0.00 0.00 0.00 0.00 0.00 1.17 1.24 2.23 -5.21 0.78 0.28 1.23
Chair 0.00 0 0.00 0.00 0.00 0.00 0.00 0.75 0.67 0.63 -0.92 0.17 -0.26 -3.51
Chair 0.00 0 0.00 0.00 0.00 0.00 0.00 0.94 0.77 0.63 -1.92 0.18 -0.11 -3.54
Chair 0.00 0 0.00 0.00 0.00 0.00 0.00 0.78 0.67 0.67 -0.63 0.18 0.43 -3.61
Table 0.00 0 0.00 0.00 0.00 0.00 0.00 0.80 0.86 1.40 1.35 0.13 0.13 -0.36
Chair 0.00 0 0.00 0.00 0.00 0.00 0.00 0.43 0.64 0.67 -0.27 0.28 2.61 -1.15
Couch 0.00 0 0.00 0.00 0.00 0.00 0.00 0.93 1.00 1.68 0.39 0.46 3.82 -2.88
Chair 0.00 0 0.00 0.00 0.00 0.00 0.00 1.01 0.92 0.79 -1.44 0.42 3.62 0.46
Table 0.00 0 0.00 0.00 0.00 0.00 0.00 0.57 1.19 0.56 0.08 0.26 3.04 -4.45
