Person 0.00 0 0.00 0.00 0.00 0.00 0.00 1.81 0.86 0.68 -1.77 0.42 -1.91 -0.90
Person 0.00 0 0.00 0.00 0.00 0.00 0.00 1.74 0.82 0.49 -0.85 0.27 -1.57 -1.27
Couch 0.00 0 0.00 0.00 0.00 0.00 0.00 1.17 1.24 2.23 -5.20 0.53 -0.73 1.05
Chair 0.00 0 0.00 0.00 0.00 0.00 0.00 0.75 0.61 0.62 -0.98 0.15 -0.61 -3.62
Chair 0.00 0 0.00 0.00 0.00 0.00 0.00 0.94 0.77 0.63 -1.82 0.27 -0.62 -3.60
Chair 0.00 0 0.00 0.00 0.00 0.00 0.00 0.78 0.67 0.67 -0.65 0.18 0.09 -3.61
Table 0.00 0 0.00 0.00 0.00 0.00 0.00 0.80 0.86 1.40 1.31 0.19 0.08 -0.52
Chair 0.00 0 0.00 0.00 0.00 0.00 0.00 0.78 0.67 0.67 -0.86 0.17 0.90 -3.57
Chair 0.00 0 0.00 0.00 0.00 0.00 0.00 0.43 0.64 0.67 -0.61 0.31 2.28 -1.38
Couch 0.00 0 0.00 0.00 0.00 0.00 0.00 0.93 1.00 1.68 -0.14 0.46 3.65 -3.02
Chair 0.00 0 0.00 0.00 0.00 0.00 0.00 1.01 0.92 0.79 -2.01 0.29 3.06 0.53
Table 0.00 0 0.00 0.00 0.00 0.00 0.00 0.57 1.19 0.56 -0.35 0.30 2.80 -4.57
