Person 0.00 0 0.00 0.00 0.00 0.00 0.00 1.85 0.78 0.85 -0.94 0.29 -2.07 -0.53
Person 0.00 0 0.00 0.00 0.00 0.00 0.00 1.85 0.81 0.68 -0.86 0.23 1.99 0.29
Couch 0.00 0 0.00 0.00 0.00 0.00 0.00 1.17 1.24 2.23 0.33 0.36 2.37 -2.71
Chair 0.00 0 0.00 0.00 0.00 0.00 0.00 0.94 0.78 0.72 -2.16 0.45 0.50 -1.16
Chair 0.00 0 0.00 0.00 0.00 0.00 0.00 0.87 0.72 0.88 -2.61 0.36 -0.75 -1.18
Chair 0.00 0 0.00 0.00 0.00 0.00 0.00 0.92 0.79 0.62 -2.15 0.42 -1.52 -1.11
Chair 0.00 0 0.00 0.00 0.00 0.00 0.00 0.95 0.67 0.67 -1.27 0.44 -1.52 -2.11
Chair 0.00 0 0.00 0.00 0.00 0.00 0.00 0.43 0.64 0.67 -1.34 0.36 -2.66 1.08
Couch 0.00 0 0.00 0.00 0.00 0.00 0.00 0.93 1.02 1.83 -0.78 0.56 -3.95 -0.50
Chair 0.00 0 0.00 0.00 0.00 0.00 0.00 0.88 0.68 0.64 0.48 0.11 -0.59 -2.75
Couch 0.00 0 0.00 0.00 0.00 0.00 0.00 0.91 0.81 1.28 0.89 0.16 0.32 -4.30
Table 0.00 0 0.00 0.00 0.00 0.00 0.00 0.60 1.18 0.59 -1.27 0.38 -3.19 -2.08
