Person 0.00 0 0.00 0.00 0.00 0.00 0.00 1.85 0.73 0.73 -1.09 0.31 -2.31 -1.20
Person 0.00 0 0.00 0.00 0.00 0.00 0.00 1.85 0.81 0.68 -0.80 0.33 1.64 1.51
Couch 0.00 0 0.00 0.00 0.00 0.00 0.00 1.17 1.24 2.23 0.87 0.34 1.58 -2.52
Chair 0.00 0 0.00 0.00 0.00 0.00 0.00 0.94 0.78 0.72 -2.14 0.21 0.03 -0.96
Chair 0.00 0 0.00 0.00 0.00 0.00 0.00 0.92 0.79 0.62 -2.34 0.36 -1.72 -0.86
Chair 0.00 0 0.00 0.00 0.00 0.00 0.00 0.95 0.67 0.67 -1.68 0.31 -1.96 -1.91
Chair 0.00 0 0.00 0.00 0.00 0.00 0.00 0.43 0.64 0.67 -1.93 0.38 -3.09 1.25
Couch 0.00 0 0.00 0.00 0.00 0.00 0.00 0.93 1.02 1.83 -1.46 0.61 -4.37 -0.37
Chair 0.00 0 0.00 0.00 0.00 0.00 0.00 0.88 0.68 0.64 0.36 0.31 -1.35 -2.54
Couch 0.00 0 0.00 0.00 0.00 0.00 0.00 0.87 0.81 1.28 0.88 0.14 -0.54 -4.11
Table 0.00 0 0.00 0.00 0.00 0.00 0.00 0.64 1.24 0.57 -1.85 0.41 -3.61 -1.90
