Person 0.00 0 0.00 0.00 0.00 0.00 0.00 1.78 0.81 0.74 -0.78 0.29 -1.83 -1.13
Couch 0.00 0 0.00 0.00 0.00 0.00 0.00 1.17 1.24 2.23 -4.32 0.54 2.36 -4.13
Chair 0.00 0 0.00 0.00 0.00 0.00 0.00 0.83 0.65 0.62 -2.31 0.27 -1.20 -2.59
Chair 0.00 0 0.00 0.00 0.00 0.00 0.00 0.94 0.77 0.72 -2.81 0.37 -0.44 -2.61
Chair 0.00 0 0.00 0.00 0.00 0.00 0.00 0.87 0.67 0.86 -1.44 0.24 -1.06 -2.57
Table 0.00 0 0.00 0.00 0.00 0.00 0.00 0.80 0.86 1.40 -0.47 0.22 -2.92 0.53
Chair 0.00 0 0.00 0.00 0.00 0.00 0.00 0.78 0.72 0.67 -0.75 0.24 -0.65 -2.56
Chair 0.00 0 0.00 0.00 0.00 0.00 0.00 0.78 0.67 0.67 -0.59 0.26 0.10 -3.77
Chair 0.00 0 0.00 0.00 0.00 0.00 0.00 0.43 0.64 0.67 0.41 0.10 -0.01 -0.29
Chair 0.00 0 0.00 0.00 0.00 0.00 0.00 1.01 0.92 0.79 0.52 0.26 1.47 -4.32
