Person 0.00 0 0.00 0.00 0.00 0.00 0.00 1.85 0.73 0.73 -1.10 0.32 -2.35 -0.93
Person 0.00 0 0.00 0.00 0.00 0.00 0.00 1.85 0.81 0.68 -0.77 0.32 1.52 0.83
Couch 0.00 0 0.00 0.00 0.00 0.00 0.00 1.17 1.24 2.23 0.83 0.33 1.39 -2.52
Chair 0.00 0 0.00 0.00 0.00 0.00 0.00 0.94 0.78 0.72 -2.11 0.19 -0.04 -0.94
Chair 0.00 0 0.00 0.00 0.00 0.00 0.00 0.95 0.67 0.67 -1.74 0.34 -2.09 -2.09
Chair 0.00 0 0.00 0.00 0.00 0.00 0.00 0.43 0.64 0.67 -1.99 0.38 -3.15 1.42
Couch 0.00 0 0.00 0.00 0.00 0.00 0.00 0.93 1.02 1.83 -1.52 0.51 -4.46 -0.27
Chair 0.00 0 0.00 0.00 0.00 0.00 0.00 0.88 0.68 0.64 0.29 0.17 -1.49 -2.47
Couch 0.00 0 0.00 0.00 0.00 0.00 0.00 0.81 0.80 1.28 0.85 0.16 -0.67 -4.09
Table 0.00 0 0.00 0.00 0.00 0.00 0.00 0.64 1.24 0.57 -2.00 0.41 -3.68 -1.81
