Person 0.00 0 0.00 0.00 0.00 0.00 0.00 1.77 0.77 0.81 -3.64 0.36 0.06 -0.45
Person 0.00 0 0.00 0.00 0.00 0.00 0.00 1.76 0.89 0.78 -1.93 0.28 -0.91 0.08
Couch 0.00 0 0.00 0.00 0.00 0.00 0.00 1.17 1.24 2.23 -4.35 0.55 2.29 -4.61
Chair 0.00 0 0.00 0.00 0.00 0.00 0.00 0.75 0.67 0.63 -0.82 0.18 -0.03 -2.84
Chair 0.00 0 0.00 0.00 0.00 0.00 0.00 0.94 0.67 0.59 -2.30 0.30 0.16 -2.99
Chair 0.00 0 0.00 0.00 0.00 0.00 0.00 0.94 0.77 0.63 -1.56 0.27 0.51 -3.07
Chair 0.00 0 0.00 0.00 0.00 0.00 0.00 0.78 0.67 0.63 -0.18 0.18 0.51 -3.05
Table 0.00 0 0.00 0.00 0.00 0.00 0.00 0.80 0.86 1.40 1.46 0.18 -0.68 0.06
Chair 0.00 0 0.00 0.00 0.00 0.00 0.00 0.48 0.58 0.67 1.01 0.24 2.22 -0.78
Couch 0.00 0 0.00 0.00 0.00 0.00 0.00 0.93 1.12 1.68 2.21 0.43 3.17 -2.39
Table 0.00 0 0.00 0.00 0.00 0.00 0.00 0.58 1.19 0.56 1.50 0.22 2.57 -4.00
