Person 0.00 0 0.00 0.00 0.00 0.00 0.00 1.77 0.77 0.81 -3.54 0.38 0.36 -0.39
Person 0.00 0 0.00 0.00 0.00 0.00 0.00 1.76 0.89 0.78 -1.76 0.32 -0.22 -0.35
Couch 0.00 0 0.00 0.00 0.00 0.00 0.00 1.17 1.24 2.23 -4.23 0.53 2.71 -4.60
Chair 0.00 0 0.00 0.00 0.00 0.00 0.00 0.75 0.67 0.63 -0.80 0.16 0.36 -2.90
Chair 0.00 0 0.00 0.00 0.00 0.00 0.00 0.94 0.67 0.59 -2.25 0.23 0.49 -2.87
Chair 0.00 0 0.00 0.00 0.00 0.00 0.00 0.94 0.77 0.63 -1.55 0.25 0.85 -2.98
Chair 0.00 0 0.00 0.00 0.00 0.00 0.00 0.78 0.67 0.63 -0.17 0.17 0.85 -3.08
Table 0.00 0 0.00 0.00 0.00 0.00 0.00 0.80 0.86 1.40 1.43 0.18 -0.37 0.13
Chair 0.00 0 0.00 0.00 0.00 0.00 0.00 0.48 0.58 0.67 1.11 0.28 2.50 -0.69
Couch 0.00 0 0.00 0.00 0.00 0.00 0.00 0.93 1.12 1.68 2.36 0.42 3.39 -2.34
Table 0.00 0 0.00 0.00 0.00 0.00 0.00 0.58 1.19 0.56 1.69 0.24 2.78 -3.83
