Person 0.00 0 0.00 0.00 0.00 0.00 0.00 1.78 0.81 0.77 -0.12 0.36 -1.33 -1.64
Person 0.00 0 0.00 0.00 0.00 0.00 0.00 1.81 0.82 0.66 -3.25 0.42 1.71 1.00
Couch 0.00 0 0.00 0.00 0.00 0.00 0.00 1.17 1.24 2.23 -2.16 0.46 3.47 -3.52
Table 0.00 0 0.00 0.00 0.00 0.00 0.00 0.80 0.86 1.40 -2.13 0.27 -3.17 1.18
Chair 0.00 0 0.00 0.00 0.00 0.00 0.00 0.92 0.72 0.67 -1.08 0.42 -1.05 -1.89
Chair 0.00 0 0.00 0.00 0.00 0.00 0.00 0.85 0.67 0.67 -0.44 0.26 -0.62 -3.25
Chair 0.00 0 0.00 0.00 0.00 0.00 0.00 0.43 0.64 0.67 0.21 0.26 -1.37 0.46
Couch 0.00 0 0.00 0.00 0.00 0.00 0.00 0.93 1.02 1.83 1.59 0.31 -1.88 -1.35
Chair 0.00 0 0.00 0.00 0.00 0.00 0.00 1.15 0.92 0.79 1.15 0.38 -0.31 -4.29
Table 0.00 0 0.00 0.00 0.00 0.00 0.00 0.60 1.18 0.59 0.71 0.28 -1.66 -2.97
