Person 0.00 0 0.00 0.00 0.00 0.00 0.00 1.85 0.82 0.80 -0.55 0.33 -1.47 -1.31
Person 0.00 0 0.00 0.00 0.00 0.00 0.00 1.78 0.82 0.66 -2.21 0.35 2.31 0.55
Couch 0.00 0 0.00 0.00 0.00 0.00 0.00 1.17 1.24 2.23 -1.39 0.41 3.52 -3.30
Chair 0.00 0 0.00 0.00 0.00 0.00 0.00 0.94 0.77 0.72 -2.37 0.22 0.40 -1.71
Chair 0.00 0 0.00 0.00 0.00 0.00 0.00 0.87 0.72 0.86 -2.10 0.28 -0.99 -1.76
Table 0.00 0 0.00 0.00 0.00 0.00 0.00 0.80 0.86 1.40 -2.82 0.40 -2.89 1.42
Chair 0.00 0 0.00 0.00 0.00 0.00 0.00 0.92 0.74 0.62 -1.32 0.31 -1.02 -1.68
Chair 0.00 0 0.00 0.00 0.00 0.00 0.00 0.89 0.67 0.67 -0.63 0.22 -0.81 -2.81
Chair 0.00 0 0.00 0.00 0.00 0.00 0.00 0.43 0.64 0.67 -0.02 0.24 -1.71 0.52
Couch 0.00 0 0.00 0.00 0.00 0.00 0.00 0.93 1.02 1.83 1.23 0.27 -2.50 -1.15
Table 0.00 0 0.00 0.00 0.00 0.00 0.00 0.60 1.18 0.59 0.32 0.28 -2.09 -2.62
