Person 0.00 0 0.00 0.00 0.00 0.00 0.00 1.85 0.73 0.73 -1.09 0.32 -2.32 -1.06
Person 0.00 0 0.00 0.00 0.00 0.00 0.00 1.85 0.81 0.68 -0.77 0.33 1.66 0.94
Couch 0.00 0 0.00 0.00 0.00 0.00 0.00 1.17 1.24 2.23 0.87 0.34 1.46 -2.47
Chair 0.00 0 0.00 0.00 0.00 0.00 0.00 0.94 0.78 0.72 -2.19 0.20 0.06 -0.96
Chair 0.00 0 0.00 0.00 0.00 0.00 0.00 0.92 0.79 0.62 -2.24 0.35 -1.66 -0.94
Chair 0.00 0 0.00 0.00 0.00 0.00 0.00 0.95 0.67 0.67 -1.69 0.34 -1.99 -2.12
Chair 0.00 0 0.00 0.00 0.00 0.00 0.00 0.43 0.64 0.67 -2.00 0.40 -3.13 1.37
Couch 0.00 0 0.00 0.00 0.00 0.00 0.00 0.93 1.02 1.83 -1.71 0.53 -4.49 -0.28
Chair 0.00 0 0.00 0.00 0.00 0.00 0.00 0.88 0.68 0.64 0.32 0.20 -1.41 -2.52
Couch 0.00 0 0.00 0.00 0.00 0.00 0.00 0.87 0.81 1.28 0.84 0.16 -0.65 -4.09
Table 0.00 0 0.00 0.00 0.00 0.00 0.00 0.64 1.24 0.57 -1.93 0.41 -3.63 -1.89
