Person 0.00 0 0.00 0.00 0.00 0.00 0.00 1.78 0.81 0.77 -1.27 0.42 -1.33 -0.57
Couch 0.00 0 0.00 0.00 0.00 0.00 0.00 1.17 1.24 2.23 -2.26 0.44 4.03 -3.50
Chair 0.00 0 0.00 0.00 0.00 0.00 0.00 0.83 0.65 0.62 -2.76 0.22 -0.30 -1.97
Chair 0.00 0 0.00 0.00 0.00 0.00 0.00 0.94 0.77 0.72 -2.71 0.24 0.46 -1.98
Chair 0.00 0 0.00 0.00 0.00 0.00 0.00 0.87 0.67 0.86 -1.90 0.20 -0.60 -1.99
Chair 0.00 0 0.00 0.00 0.00 0.00 0.00 0.88 0.72 0.67 -1.01 0.28 -0.65 -2.01
Chair 0.00 0 0.00 0.00 0.00 0.00 0.00 0.78 0.67 0.67 -0.45 0.18 -0.01 -2.98
Chair 0.00 0 0.00 0.00 0.00 0.00 0.00 0.43 0.64 0.67 0.26 0.13 -0.73 0.35
Couch 0.00 0 0.00 0.00 0.00 0.00 0.00 0.93 0.88 1.68 1.54 0.15 -1.15 -1.38
Chair 0.00 0 0.00 0.00 0.00 0.00 0.00 1.01 0.92 0.79 1.15 0.18 0.43 -4.22
Table 0.00 0 0.00 0.00 0.00 0.00 0.00 0.57 1.19 0.56 0.74 0.22 -0.97 -2.89
