Person 0.00 0 0.00 0.00 0.00 0.00 0.00 1.78 0.82 0.73 -0.17 0.38 -1.33 -1.25
Person 0.00 0 0.00 0.00 0.00 0.00 0.00 1.81 0.82 0.66 -2.82 0.36 2.25 0.14
Couch 0.00 0 0.00 0.00 0.00 0.00 0.00 1.17 1.24 2.23 -1.84 0.44 3.48 -3.41
Chair 0.00 0 0.00 0.00 0.00 0.00 0.00 0.94 0.77 0.72 -2.46 0.25 0.25 -1.85
Chair 0.00 0 0.00 0.00 0.00 0.00 0.00 0.87 0.72 0.86 -1.90 0.43 -0.96 -1.88
Table 0.00 0 0.00 0.00 0.00 0.00 0.00 0.80 0.86 1.40 -2.40 0.32 -3.08 1.26
Chair 0.00 0 0.00 0.00 0.00 0.00 0.00 0.92 0.72 0.67 -1.13 0.43 -1.09 -1.84
Chair 0.00 0 0.00 0.00 0.00 0.00 0.00 0.89 0.67 0.67 -0.43 0.29 -0.64 -2.93
Chair 0.00 0 0.00 0.00 0.00 0.00 0.00 0.43 0.64 0.67 0.18 0.25 -1.50 0.34
Couch 0.00 0 0.00 0.00 0.00 0.00 0.00 0.93 1.02 1.83 1.47 0.29 -2.09 -1.28
Table 0.00 0 0.00 0.00 0.00 0.00 0.00 0.60 1.18 0.59 0.64 0.28 -1.75 -2.78
