Person 0.00 0 0.00 0.00 0.00 0.00 0.00 1.85 0.78 0.85 -0.02 0.46 -2.18 -0.78
Person 0.00 0 0.00 0.00 0.00 0.00 0.00 1.85 0.82 0.63 -2.12 0.29 1.48 0.53
Couch 0.00 0 0.00 0.00 0.00 0.00 0.00 1.17 1.24 2.23 -1.29 0.38 2.57 -3.34
Chair 0.00 0 0.00 0.00 0.00 0.00 0.00 0.94 0.78 0.72 -2.17 0.28 -0.54 -1.79
Chair 0.00 0 0.00 0.00 0.00 0.00 0.00 0.87 0.72 0.88 -1.81 0.34 -1.88 -1.78
Table 0.00 0 0.00 0.00 0.00 0.00 0.00 0.80 0.86 1.40 -2.45 0.30 -3.91 1.36
Chair 0.00 0 0.00 0.00 0.00 0.00 0.00 0.92 0.79 0.62 -1.03 0.33 -2.00 -1.71
Chair 0.00 0 0.00 0.00 0.00 0.00 0.00 0.95 0.67 0.67 -0.44 0.36 -1.56 -2.33
Chair 0.00 0 0.00 0.00 0.00 0.00 0.00 0.43 0.64 0.67 0.18 0.27 -2.56 0.59
Couch 0.00 0 0.00 0.00 0.00 0.00 0.00 0.93 1.02 1.83 1.43 0.25 -3.16 -1.16
Chair 0.00 0 0.00 0.00 0.00 0.00 0.00 0.88 0.68 0.59 0.46 0.23 0.31 -3.39
Couch 0.00 0 0.00 0.00 0.00 0.00 0.00 0.91 0.81 1.28 0.28 0.35 1.32 1.35
Table 0.00 0 0.00 0.00 0.00 0.00 0.00 0.60 1.18 0.59 0.66 0.28 -2.93 -2.73
