Person 0.00 0 0.00 0.00 0.00 0.00 0.00 1.78 0.81 0.74 -1.02 0.26 -1.67 -0.97
Couch 0.00 0 0.00 0.00 0.00 0.00 0.00 1.17 1.24 2.23 -3.83 0.51 3.09 -3.94
Chair 0.00 0 0.00 0.00 0.00 0.00 0.00 0.83 0.65 0.62 -2.51 0.29 -0.90 -2.37
Chair 0.00 0 0.00 0.00 0.00 0.00 0.00 0.94 0.77 0.72 -2.85 0.34 -0.09 -2.30
Chair 0.00 0 0.00 0.00 0.00 0.00 0.00 0.87 0.67 0.86 -1.67 0.24 -0.93 -2.41
Table 0.00 0 0.00 0.00 0.00 0.00 0.00 0.80 0.86 1.40 -0.93 0.22 -2.83 0.76
Chair 0.00 0 0.00 0.00 0.00 0.00 0.00 0.78 0.72 0.67 -0.82 0.22 -0.65 -2.38
Chair 0.00 0 0.00 0.00 0.00 0.00 0.00 0.78 0.67 0.67 -0.54 0.30 0.03 -3.40
Chair 0.00 0 0.00 0.00 0.00 0.00 0.00 0.43 0.64 0.67 0.42 0.18 -0.28 -0.08
Couch 0.00 0 0.00 0.00 0.00 0.00 0.00 0.93 0.88 1.68 1.69 0.18 -0.04 -1.71
Chair 0.00 0 0.00 0.00 0.00 0.00 0.00 1.01 0.92 0.79 0.79 0.18 1.26 -4.28
Table 0.00 0 0.00 0.00 0.00 0.00 0.00 0.57 1.19 0.56 0.93 0.24 -0.32 -3.29
