Person 0.00 0 0.00 0.00 0.00 0.00 0.00 1.85 0.67 0.73 -1.09 0.34 -1.50 -0.86
Person 0.00 0 0.00 0.00 0.00 0.00 0.00 1.85 0.82 0.63 -1.00 0.29 2.87 0.86
Couch 0.00 0 0.00 0.00 0.00 0.00 0.00 1.17 1.24 2.23 0.03 0.40 3.32 -2.91
Chair 0.00 0 0.00 0.00 0.00 0.00 0.00 0.94 0.77 0.72 -2.07 0.39 1.01 -1.29
Table 0.00 0 0.00 0.00 0.00 0.00 0.00 0.80 0.86 1.40 -3.74 0.36 -1.82 -4.46
Chair 0.00 0 0.00 0.00 0.00 0.00 0.00 0.92 0.74 0.62 -1.70 0.34 -0.79 -1.26
Chair 0.00 0 0.00 0.00 0.00 0.00 0.00 0.89 0.67 0.67 -0.82 0.29 -0.80 -2.60
Chair 0.00 0 0.00 0.00 0.00 0.00 0.00 0.43 0.64 0.67 -0.79 0.34 -1.87 0.96
Couch 0.00 0 0.00 0.00 0.00 0.00 0.00 0.93 1.02 1.83 -0.04 0.26 -2.98 -0.68
Chair 0.00 0 0.00 0.00 0.00 0.00 0.00 0.91 0.72 0.67 0.72 0.18 0.51 -2.75
Couch 0.00 0 0.00 0.00 0.00 0.00 0.00 0.91 0.81 1.28 1.01 0.19 1.35 -4.42
Table 0.00 0 0.00 0.00 0.00 0.00 0.00 0.60 1.18 0.59 -0.62 0.28 -2.31 -2.15
