Person 0.00 0 0.00 0.00 0.00 0.00 0.00 1.78 0.81 0.74 -1.10 0.34 -1.58 -0.81
Couch 0.00 0 0.00 0.00 0.00 0.00 0.00 1.17 1.24 2.23 -3.54 0.48 3.25 -3.83
Chair 0.00 0 0.00 0.00 0.00 0.00 0.00 0.94 0.77 0.72 -2.66 0.30 -0.02 -2.30
Chair 0.00 0 0.00 0.00 0.00 0.00 0.00 0.87 0.67 0.86 -1.67 0.22 -0.87 -2.31
Table 0.00 0 0.00 0.00 0.00 0.00 0.00 0.80 0.86 1.40 -1.24 0.23 -2.94 0.86
Chair 0.00 0 0.00 0.00 0.00 0.00 0.00 0.78 0.72 0.67 -0.90 0.20 -0.65 -2.28
Chair 0.00 0 0.00 0.00 0.00 0.00 0.00 0.78 0.67 0.67 -0.49 0.17 -0.00 -3.04
Chair 0.00 0 0.00 0.00 0.00 0.00 0.00 0.43 0.64 0.67 0.39 0.26 -0.43 -0.02
Couch 0.00 0 0.00 0.00 0.00 0.00 0.00 0.93 0.88 1.68 1.76 0.17 -0.46 -1.62
Chair 0.00 0 0.00 0.00 0.00 0.00 0.00 1.01 0.92 0.79 0.97 0.18 0.91 -4.24
Table 0.00 0 0.00 0.00 0.00 0.00 0.00 0.57 1.19 0.56 0.91 0.22 -0.48 -3.23
