Person 0.00 0 0.00 0.00 0.00 0.00 0.00 1.72 0.92 0.68 -2.26 0.39 -1.61 -0.58
Person 0.00 0 0.00 0.00 0.00 0.00 0.00 1.74 0.82 0.43 -1.08 0.30 -1.35 -0.75
Couch 0.00 0 0.00 0.00 0.00 0.00 0.00 1.17 1.24 2.23 -5.17 0.67 0.07 1.22
Chair 0.00 0 0.00 0.00 0.00 0.00 0.00 0.75 0.67 0.63 -0.95 0.16 -0.31 -3.58
Chair 0.00 0 0.00 0.00 0.00 0.00 0.00 0.94 0.77 0.63 -1.89 0.16 -0.27 -3.62
Chair 0.00 0 0.00 0.00 0.00 0.00 0.00 0.78 0.67 0.67 -0.62 0.18 0.36 -3.58
Table 0.00 0 0.00 0.00 0.00 0.00 0.00 0.80 0.86 1.40 1.38 0.15 0.20 -0.44
Chair 0.00 0 0.00 0.00 0.00 0.00 0.00 0.43 0.64 0.67 -0.43 0.29 2.51 -1.23
Couch 0.00 0 0.00 0.00 0.00 0.00 0.00 0.93 1.00 1.68 0.09 0.48 3.88 -2.94
Chair 0.00 0 0.00 0.00 0.00 0.00 0.00 1.01 0.92 0.79 -1.66 0.36 3.46 0.41
Table 0.00 0 0.00 0.00 0.00 0.00 0.00 0.57 1.19 0.56 -0.18 0.28 3.01 -4.52
