Person 0.00 0 0.00 0.00 0.00 0.00 0.00 1.85 0.78 0.85 -0.42 0.28 -2.17 -0.52
Person 0.00 0 0.00 0.00 0.00 0.00 0.00 1.85 0.81 0.68 -1.51 0.36 1.80 0.29
Couch 0.00 0 0.00 0.00 0.00 0.00 0.00 1.17 1.24 2.23 -0.58 0.36 2.67 -3.06
Chair 0.00 0 0.00 0.00 0.00 0.00 0.00 0.94 0.78 0.72 -2.36 0.38 -0.16 -1.53
Chair 0.00 0 0.00 0.00 0.00 0.00 0.00 0.92 0.79 0.62 -1.51 0.43 -1.87 -1.51
Chair 0.00 0 0.00 0.00 0.00 0.00 0.00 0.95 0.67 0.67 -0.79 0.38 -1.65 -2.83
Chair 0.00 0 0.00 0.00 0.00 0.00 0.00 0.43 0.64 0.67 -0.45 0.32 -2.68 0.80
Couch 0.00 0 0.00 0.00 0.00 0.00 0.00 0.93 1.02 1.83 0.49 0.61 -3.68 -0.85
Chair 0.00 0 0.00 0.00 0.00 0.00 0.00 0.88 0.68 0.64 0.53 0.14 0.03 -3.13
Couch 0.00 0 0.00 0.00 0.00 0.00 0.00 0.91 0.81 1.28 0.55 0.16 1.00 -4.64
Table 0.00 0 0.00 0.00 0.00 0.00 0.00 0.64 1.24 0.57 -0.16 0.39 -3.10 -2.42
