Person 0.00 0 0.00 0.00 0.00 0.00 0.00 1.78 0.82 0.73 -0.14 0.40 -1.30 -2.00
Person 0.00 0 0.00 0.00 0.00 0.00 0.00 1.81 0.82 0.66 -3.10 0.40 1.91 0.59
Couch 0.00 0 0.00 0.00 0.00 0.00 0.00 1.17 1.24 2.23 -2.09 0.46 3.50 -3.49
Chair 0.00 0 0.00 0.00 0.00 0.00 0.00 0.94 0.77 0.72 -2.38 0.40 0.20 -1.94
Chair 0.00 0 0.00 0.00 0.00 0.00 0.00 0.87 0.72 0.86 -1.89 0.39 -1.04 -1.92
Table 0.00 0 0.00 0.00 0.00 0.00 0.00 0.80 0.86 1.40 -2.22 0.41 -3.15 1.17
Chair 0.00 0 0.00 0.00 0.00 0.00 0.00 0.92 0.72 0.67 -1.13 0.41 -0.97 -1.92
Chair 0.00 0 0.00 0.00 0.00 0.00 0.00 0.89 0.67 0.67 -0.43 0.30 -0.61 -3.06
Chair 0.00 0 0.00 0.00 0.00 0.00 0.00 0.43 0.64 0.67 0.27 0.26 -1.42 0.31
Couch 0.00 0 0.00 0.00 0.00 0.00 0.00 0.93 1.02 1.83 1.56 0.30 -1.93 -1.33
Chair 0.00 0 0.00 0.00 0.00 0.00 0.00 1.15 0.92 0.79 1.25 0.30 -0.27 -3.89
Table 0.00 0 0.00 0.00 0.00 0.00 0.00 0.60 1.18 0.59 0.68 0.28 -1.70 -2.93
