Person 0.00 0 0.00 0.00 0.00 0.00 0.00 1.85 0.82 0.80 -0.52 0.30 -1.46 -1.30
Person 0.00 0 0.00 0.00 0.00 0.00 0.00 1.78 0.82 0.66 -2.21 0.32 2.38 0.52
Couch 0.00 0 0.00 0.00 0.00 0.00 0.00 1.17 1.24 2.23 -1.46 0.42 3.55 -3.35
Chair 0.00 0 0.00 0.00 0.00 0.00 0.00 0.87 0.72 0.86 -2.05 0.21 -0.92 -1.76
Table 0.00 0 0.00 0.00 0.00 0.00 0.00 0.80 0.86 1.40 -2.78 0.40 -2.87 1.37
Chair 0.00 0 0.00 0.00 0.00 0.00 0.00 0.92 0.74 0.58 -1.20 0.27 -1.02 -1.70
Chair 0.00 0 0.00 0.00 0.00 0.00 0.00 0.89 0.67 0.67 -0.61 0.23 -0.80 -2.83
Chair 0.00 0 0.00 0.00 0.00 0.00 0.00 0.43 0.64 0.67 -0.00 0.24 -1.71 0.52
Couch 0.00 0 0.00 0.00 0.00 0.00 0.00 0.93 1.02 1.83 1.17 0.27 -2.48 -1.13
Table 0.00 0 0.00 0.00 0.00 0.00 0.00 0.60 1.18 0.59 0.35 0.28 -2.08 -2.67
