Person 0.00 0 0.00 0.00 0.00 0.00 0.00 1.78 0.84 0.66 -0.97 0.36 -1.92 -1.21
Person 0.00 0 0.00 0.00 0.00 0.00 0.00 1.78 0.71 0.78 -2.91 0.44 -1.30 -0.32
Couch 0.00 0 0.00 0.00 0.00 0.00 0.00 1.17 1.24 2.23 -4.71 0.63 1.92 -4.37
Chair 0.00 0 0.00 0.00 0.00 0.00 0.00 0.94 0.77 0.72 -2.45 0.32 -0.48 -2.80
Chair 0.00 0 0.00 0.00 0.00 0.00 0.00 0.78 0.67 0.72 -1.15 0.15 -0.80 -2.79
Table 0.00 0 0.00 0.00 0.00 0.00 0.00 0.80 0.86 1.40 0.05 0.24 -2.43 0.36
Chair 0.00 0 0.00 0.00 0.00 0.00 0.00 0.78 0.72 0.67 -0.62 0.19 -0.21 -2.66
Chair 0.00 0 0.00 0.00 0.00 0.00 0.00 0.78 0.67 0.67 -0.54 0.20 0.50 -3.83
Chair 0.00 0 0.00 0.00 0.00 0.00 0.00 0.43 0.64 0.67 0.48 0.15 0.52 -0.54
Couch 0.00 0 0.00 0.00 0.00 0.00 0.00 0.93 0.88 1.68 1.83 0.25 0.91 -2.10
Chair 0.00 0 0.00 0.00 0.00 0.00 0.00 1.01 0.92 0.79 0.31 0.18 2.06 1.06
Table 0.00 0 0.00 0.00 0.00 0.00 0.00 0.57 1.19 0.56 1.06 0.19 0.69 -3.66
