Person 0.00 0 0.00 0.00 0.00 0.00 0.00 1.78 0.82 0.80 -0.42 0.18 -1.51 -1.23
Person 0.00 0 0.00 0.00 0.00 0.00 0.00 1.81 0.82 0.66 -2.39 0.31 2.31 0.40
Couch 0.00 0 0.00 0.00 0.00 0.00 0.00 1.17 1.24 2.23 -1.35 0.42 3.58 -3.28
Chair 0.00 0 0.00 0.00 0.00 0.00 0.00 0.94 0.77 0.72 -2.36 0.26 0.42 -1.72
Chair 0.00 0 0.00 0.00 0.00 0.00 0.00 0.87 0.72 0.86 -2.10 0.50 -0.94 -1.72
Table 0.00 0 0.00 0.00 0.00 0.00 0.00 0.80 0.86 1.40 -2.63 0.38 -3.00 1.33
Chair 0.00 0 0.00 0.00 0.00 0.00 0.00 0.92 0.72 0.67 -1.32 0.20 -1.06 -1.79
Chair 0.00 0 0.00 0.00 0.00 0.00 0.00 0.89 0.67 0.67 -0.46 0.24 -0.77 -2.88
Chair 0.00 0 0.00 0.00 0.00 0.00 0.00 0.43 0.64 0.67 0.03 0.25 -1.68 0.51
Couch 0.00 0 0.00 0.00 0.00 0.00 0.00 0.93 1.02 1.83 1.16 0.28 -2.35 -1.15
Table 0.00 0 0.00 0.00 0.00 0.00 0.00 0.60 1.18 0.59 0.40 0.28 -2.06 -2.74
