Person 0.00 0 0.00 0.00 0.00 0.00 0.00 1.85 0.88 0.80 -0.58 0.37 -1.60 -1.34
Person 0.00 0 0.00 0.00 0.00 0.00 0.00 1.78 0.82 0.66 -1.96 0.35 2.43 0.61
Couch 0.00 0 0.00 0.00 0.00 0.00 0.00 1.17 1.24 2.23 -1.30 0.41 3.45 -3.24
Chair 0.00 0 0.00 0.00 0.00 0.00 0.00 0.94 0.77 0.72 -2.40 0.28 0.39 -1.66
Chair 0.00 0 0.00 0.00 0.00 0.00 0.00 0.87 0.72 0.86 -2.14 0.28 -0.93 -1.67
Table 0.00 0 0.00 0.00 0.00 0.00 0.00 0.80 0.86 1.40 -2.96 0.41 -2.82 1.44
Chair 0.00 0 0.00 0.00 0.00 0.00 0.00 0.92 0.74 0.62 -1.40 0.37 -0.99 -1.63
Chair 0.00 0 0.00 0.00 0.00 0.00 0.00 0.89 0.67 0.67 -0.59 0.29 -0.81 -2.79
Chair 0.00 0 0.00 0.00 0.00 0.00 0.00 0.43 0.64 0.67 -0.12 0.24 -1.81 0.62
Couch 0.00 0 0.00 0.00 0.00 0.00 0.00 0.93 1.02 1.83 0.93 0.27 -2.50 -0.99
Table 0.00 0 0.00 0.00 0.00 0.00 0.00 0.60 1.18 0.59 0.22 0.28 -2.21 -2.54
