Person 0.00 0 0.00 0.00 0.00 0.00 0.00 1.85 0.94 0.80 -0.66 0.46 -1.53 -1.38
Person 0.00 0 0.00 0.00 0.00 0.00 0.00 1.85 0.82 0.63 -1.58 0.41 2.71 0.67
Couch 0.00 0 0.00 0.00 0.00 0.00 0.00 1.17 1.24 2.23 -0.68 0.41 3.46 -3.04
Chair 0.00 0 0.00 0.00 0.00 0.00 0.00 0.94 0.77 0.72 -2.23 0.32 0.58 -1.50
Table 0.00 0 0.00 0.00 0.00 0.00 0.00 0.80 0.86 1.40 -3.38 0.38 -2.38 -4.67
Chair 0.00 0 0.00 0.00 0.00 0.00 0.00 0.92 0.74 0.62 -1.48 0.42 -0.95 -1.58
Chair 0.00 0 0.00 0.00 0.00 0.00 0.00 0.89 0.67 0.67 -0.71 0.33 -0.86 -2.76
Chair 0.00 0 0.00 0.00 0.00 0.00 0.00 0.43 0.64 0.67 -0.41 0.24 -1.87 0.73
Couch 0.00 0 0.00 0.00 0.00 0.00 0.00 0.93 1.02 1.83 0.60 0.27 -2.80 -0.84
Table 0.00 0 0.00 0.00 0.00 0.00 0.00 0.60 1.18 0.59 -0.11 0.28 -2.30 -2.49
