Person 0.00 0 0.00 0.00 0.00 0.00 0.00 1.77 0.77 0.78 -3.48 0.33 0.52 -0.33
Person 0.00 0 0.00 0.00 0.00 0.00 0.00 1.76 0.89 0.78 -1.75 0.37 -0.24 -0.52
Couch 0.00 0 0.00 0.00 0.00 0.00 0.00 1.17 1.24 2.23 -4.15 0.51 2.89 -4.59
Chair 0.00 0 0.00 0.00 0.00 0.00 0.00 0.75 0.67 0.63 -0.79 0.16 0.55 -2.96
Chair 0.00 0 0.00 0.00 0.00 0.00 0.00 0.94 0.67 0.59 -2.25 0.18 0.73 -3.02
Chair 0.00 0 0.00 0.00 0.00 0.00 0.00 0.94 0.77 0.63 -1.49 0.29 1.08 -3.06
Chair 0.00 0 0.00 0.00 0.00 0.00 0.00 0.78 0.67 0.63 -0.18 0.16 0.98 -3.06
Table 0.00 0 0.00 0.00 0.00 0.00 0.00 0.80 0.86 1.40 1.43 0.18 -0.27 0.11
Chair 0.00 0 0.00 0.00 0.00 0.00 0.00 0.48 0.58 0.67 1.18 0.30 2.66 -0.69
Couch 0.00 0 0.00 0.00 0.00 0.00 0.00 0.93 1.12 1.68 2.37 0.40 3.47 -2.33
Table 0.00 0 0.00 0.00 0.00 0.00 0.00 0.58 1.19 0.56 1.65 0.33 2.91 -3.87
