Person 0.00 0 0.00 0.00 0.00 0.00 0.00 1.77 0.77 0.81 -3.65 0.37 0.22 -0.42
Person 0.00 0 0.00 0.00 0.00 0.00 0.00 1.76 0.89 0.78 -1.75 0.30 -0.24 -0.27
Couch 0.00 0 0.00 0.00 0.00 0.00 0.00 1.17 1.24 2.23 -4.26 0.54 2.68 -4.61
Chair 0.00 0 0.00 0.00 0.00 0.00 0.00 0.75 0.67 0.63 -0.82 0.16 0.31 -2.87
Chair 0.00 0 0.00 0.00 0.00 0.00 0.00 0.94 0.67 0.59 -2.21 0.29 0.43 -2.90
Chair 0.00 0 0.00 0.00 0.00 0.00 0.00 0.94 0.77 0.63 -1.53 0.29 0.77 -3.03
Chair 0.00 0 0.00 0.00 0.00 0.00 0.00 0.78 0.67 0.63 -0.16 0.17 0.81 -3.07
Table 0.00 0 0.00 0.00 0.00 0.00 0.00 0.80 0.86 1.40 1.40 0.17 -0.40 0.11
Chair 0.00 0 0.00 0.00 0.00 0.00 0.00 0.48 0.58 0.67 1.10 0.25 2.45 -0.71
Couch 0.00 0 0.00 0.00 0.00 0.00 0.00 0.93 1.12 1.68 2.35 0.42 3.34 -2.35
Table 0.00 0 0.00 0.00 0.00 0.00 0.00 0.58 1.19 0.56 1.63 0.24 2.74 -3.85
