Person 0.00 0 0.00 0.00 0.00 0.00 0.00 1.78 0.82 0.80 -0.39 0.20 -1.50 -1.20
Person 0.00 0 0.00 0.00 0.00 0.00 0.00 1.81 0.82 0.66 -2.44 0.31 2.28 0.38
Couch 0.00 0 0.00 0.00 0.00 0.00 0.00 1.17 1.24 2.23 -1.42 0.43 3.56 -3.30
Chair 0.00 0 0.00 0.00 0.00 0.00 0.00 0.94 0.77 0.72 -2.38 0.28 0.43 -1.74
Chair 0.00 0 0.00 0.00 0.00 0.00 0.00 0.87 0.72 0.86 -2.09 0.24 -0.94 -1.74
Table 0.00 0 0.00 0.00 0.00 0.00 0.00 0.80 0.86 1.40 -2.66 0.37 -2.98 1.33
Chair 0.00 0 0.00 0.00 0.00 0.00 0.00 0.92 0.72 0.67 -1.29 0.25 -1.05 -1.80
Chair 0.00 0 0.00 0.00 0.00 0.00 0.00 0.89 0.67 0.67 -0.49 0.24 -0.77 -3.02
Chair 0.00 0 0.00 0.00 0.00 0.00 0.00 0.43 0.64 0.67 0.07 0.25 -1.68 0.50
Couch 0.00 0 0.00 0.00 0.00 0.00 0.00 0.93 1.02 1.83 1.20 0.28 -2.34 -1.15
Table 0.00 0 0.00 0.00 0.00 0.00 0.00 0.60 1.18 0.59 0.39 0.28 -2.06 -2.70
