Person 0.00 0 0.00 0.00 0.00 0.00 0.00 1.78 0.81 0.77 -0.24 0.30 -1.36 -1.21
Person 0.00 0 0.00 0.00 0.00 0.00 0.00 1.81 0.82 0.66 -3.43 0.44 1.38 0.62
Couch 0.00 0 0.00 0.00 0.00 0.00 0.00 1.17 1.24 2.23 -2.43 0.47 3.20 -3.61
Chair 0.00 0 0.00 0.00 0.00 0.00 0.00 0.94 0.77 0.72 -2.49 0.30 0.10 -1.95
Chair 0.00 0 0.00 0.00 0.00 0.00 0.00 0.87 0.67 0.86 -1.87 0.33 -1.02 -1.99
Table 0.00 0 0.00 0.00 0.00 0.00 0.00 0.80 0.86 1.40 -1.89 0.24 -3.18 1.09
Chair 0.00 0 0.00 0.00 0.00 0.00 0.00 0.92 0.72 0.67 -1.00 0.32 -0.90 -1.99
Chair 0.00 0 0.00 0.00 0.00 0.00 0.00 0.85 0.67 0.67 -0.41 0.30 -0.48 -2.82
Chair 0.00 0 0.00 0.00 0.00 0.00 0.00 0.43 0.64 0.67 0.38 0.27 -1.23 0.25
Couch 0.00 0 0.00 0.00 0.00 0.00 0.00 0.93 1.02 1.83 1.69 0.32 -1.54 -1.39
Chair 0.00 0 0.00 0.00 0.00 0.00 0.00 1.15 0.92 0.79 1.25 0.30 0.04 -4.10
Table 0.00 0 0.00 0.00 0.00 0.00 0.00 0.60 1.18 0.59 0.81 0.28 -1.52 -2.97
