Person 0.00 0 0.00 0.00 0.00 0.00 0.00 1.81 0.73 0.68 -1.61 0.31 -2.24 -1.14
Person 0.00 0 0.00 0.00 0.00 0.00 0.00 1.74 0.72 0.44 -0.88 0.24 -1.77 -1.31
Couch 0.00 0 0.00 0.00 0.00 0.00 0.00 1.17 1.24 2.23 -5.13 0.49 -0.96 1.17
Chair 0.00 0 0.00 0.00 0.00 0.00 0.00 0.75 0.61 0.62 -0.95 0.13 -0.95 -3.58
Chair 0.00 0 0.00 0.00 0.00 0.00 0.00 0.94 0.77 0.63 -1.87 0.27 -0.98 -3.61
Chair 0.00 0 0.00 0.00 0.00 0.00 0.00 0.78 0.67 0.67 -0.70 0.17 -0.15 -3.58
Table 0.00 0 0.00 0.00 0.00 0.00 0.00 0.80 0.86 1.40 1.30 0.18 -0.31 -0.48
Chair 0.00 0 0.00 0.00 0.00 0.00 0.00 0.78 0.67 0.67 -0.74 0.20 0.58 -3.57
Chair 0.00 0 0.00 0.00 0.00 0.00 0.00 0.78 0.67 0.67 -1.28 0.20 1.08 1.48
Chair 0.00 0 0.00 0.00 0.00 0.00 0.00 0.43 0.64 0.67 -0.55 0.27 1.92 -1.35
Couch 0.00 0 0.00 0.00 0.00 0.00 0.00 0.93 0.88 1.68 0.09 0.25 3.05 -2.93
Chair 0.00 0 0.00 0.00 0.00 0.00 0.00 1.01 0.92 0.79 -1.89 0.48 2.82 0.74
Table 0.00 0 0.00 0.00 0.00 0.00 0.00 0.57 1.19 0.56 -0.33 0.26 2.45 -4.54
