Person 0.00 0 0.00 0.00 0.00 0.00 0.00 1.78 0.82 0.73 -0.25 0.29 -1.44 -1.15
Person 0.00 0 0.00 0.00 0.00 0.00 0.00 1.81 0.82 0.66 -2.64 0.34 2.17 0.26
Couch 0.00 0 0.00 0.00 0.00 0.00 0.00 1.17 1.24 2.23 -1.67 0.43 3.51 -3.36
Chair 0.00 0 0.00 0.00 0.00 0.00 0.00 0.94 0.77 0.72 -2.53 0.35 0.31 -1.84
Chair 0.00 0 0.00 0.00 0.00 0.00 0.00 0.87 0.72 0.86 -1.95 0.46 -1.03 -1.82
Table 0.00 0 0.00 0.00 0.00 0.00 0.00 0.80 0.86 1.40 -2.49 0.35 -3.08 1.31
Chair 0.00 0 0.00 0.00 0.00 0.00 0.00 0.92 0.72 0.67 -1.17 0.45 -0.94 -1.92
Chair 0.00 0 0.00 0.00 0.00 0.00 0.00 0.89 0.67 0.67 -0.49 0.24 -0.72 -3.15
Chair 0.00 0 0.00 0.00 0.00 0.00 0.00 0.43 0.64 0.67 0.11 0.25 -1.65 0.52
Couch 0.00 0 0.00 0.00 0.00 0.00 0.00 0.93 1.02 1.83 1.37 0.29 -2.23 -1.17
Table 0.00 0 0.00 0.00 0.00 0.00 0.00 0.60 1.18 0.59 0.51 0.28 -2.00 -2.79
