Person 0.00 0 0.00 0.00 0.00 0.00 0.00 1.81 0.73 0.68 -0.81 0.31 -2.60 -1.25
Person 0.00 0 0.00 0.00 0.00 0.00 0.00 1.76 0.62 0.51 -1.31 0.33 -2.12 -0.80
Couch 0.00 0 0.00 0.00 0.00 0.00 0.00 1.17 1.24 2.23 -5.21 0.51 -1.07 1.20
Chair 0.00 0 0.00 0.00 0.00 0.00 0.00 0.75 0.65 0.62 -1.10 0.10 -1.57 -3.55
Chair 0.00 0 0.00 0.00 0.00 0.00 0.00 0.94 0.77 0.72 -2.08 0.22 -1.36 -3.57
Chair 0.00 0 0.00 0.00 0.00 0.00 0.00 0.78 0.67 0.67 -0.80 0.16 -0.79 -3.55
Table 0.00 0 0.00 0.00 0.00 0.00 0.00 0.80 0.86 1.40 1.25 0.14 -1.11 -0.42
Chair 0.00 0 0.00 0.00 0.00 0.00 0.00 0.78 0.67 0.67 -0.66 0.20 -0.01 -3.57
Chair 0.00 0 0.00 0.00 0.00 0.00 0.00 0.78 0.67 0.67 -1.25 0.20 0.55 1.48
Chair 0.00 0 0.00 0.00 0.00 0.00 0.00 0.43 0.64 0.67 -0.41 0.22 1.27 -1.27
Couch 0.00 0 0.00 0.00 0.00 0.00 0.00 0.93 0.88 1.68 0.10 0.25 2.47 -2.91
Chair 0.00 0 0.00 0.00 0.00 0.00 0.00 1.01 0.92 0.79 -1.72 0.42 2.32 0.84
Table 0.00 0 0.00 0.00 0.00 0.00 0.00 0.57 1.19 0.56 -0.21 0.28 1.77 -4.50
