Person 0.00 0 0.00 0.00 0.00 0.00 0.00 1.57 0.72 0.82 -1.69 0.27 -1.89 -0.91
Person 0.00 0 0.00 0.00 0.00 0.00 0.00 1.77 0.75 0.60 -2.38 0.40 -1.14 -0.29
Couch 0.00 0 0.00 0.00 0.00 0.00 0.00 1.17 1.24 2.23 -4.80 0.58 2.03 -4.35
Chair 0.00 0 0.00 0.00 0.00 0.00 0.00 0.75 0.65 0.62 -1.89 0.08 -0.82 -2.69
Chair 0.00 0 0.00 0.00 0.00 0.00 0.00 0.94 0.77 0.72 -2.61 0.34 -0.22 -2.72
Chair 0.00 0 0.00 0.00 0.00 0.00 0.00 0.78 0.67 0.72 -1.19 0.16 -0.47 -2.77
Table 0.00 0 0.00 0.00 0.00 0.00 0.00 0.80 0.86 1.40 0.12 0.28 -2.10 0.31
Chair 0.00 0 0.00 0.00 0.00 0.00 0.00 0.78 0.72 0.67 -0.68 0.20 0.03 -2.77
Chair 0.00 0 0.00 0.00 0.00 0.00 0.00 0.78 0.67 0.67 -0.62 0.20 0.81 -3.86
Chair 0.00 0 0.00 0.00 0.00 0.00 0.00 0.43 0.64 0.67 0.42 0.19 0.82 -0.52
Couch 0.00 0 0.00 0.00 0.00 0.00 0.00 0.93 0.88 1.68 1.68 0.25 1.41 -2.19
Chair 0.00 0 0.00 0.00 0.00 0.00 0.00 1.01 0.92 0.79 0.13 0.30 2.44 -4.52
Table 0.00 0 0.00 0.00 0.00 0.00 0.00 0.57 1.19 0.56 1.13 0.16 0.84 -3.72
