Person 0.00 0 0.00 0.00 0.00 0.00 0.00 1.78 0.82 0.73 -0.14 0.38 -1.29 -1.85
Person 0.00 0 0.00 0.00 0.00 0.00 0.00 1.81 0.82 0.66 -3.15 0.41 1.85 0.73
Couch 0.00 0 0.00 0.00 0.00 0.00 0.00 1.17 1.24 2.23 -2.07 0.46 3.55 -3.50
Chair 0.00 0 0.00 0.00 0.00 0.00 0.00 0.94 0.77 0.72 -2.42 0.38 0.23 -1.94
Chair 0.00 0 0.00 0.00 0.00 0.00 0.00 0.87 0.72 0.86 -1.92 0.38 -1.06 -1.94
Table 0.00 0 0.00 0.00 0.00 0.00 0.00 0.80 0.86 1.40 -2.13 0.27 -3.13 1.20
Chair 0.00 0 0.00 0.00 0.00 0.00 0.00 0.92 0.72 0.67 -1.10 0.50 -0.98 -1.96
Chair 0.00 0 0.00 0.00 0.00 0.00 0.00 0.89 0.67 0.67 -0.42 0.23 -0.56 -3.47
Chair 0.00 0 0.00 0.00 0.00 0.00 0.00 0.43 0.64 0.67 0.24 0.26 -1.40 0.40
Couch 0.00 0 0.00 0.00 0.00 0.00 0.00 0.93 1.02 1.83 1.58 0.31 -1.86 -1.34
Chair 0.00 0 0.00 0.00 0.00 0.00 0.00 1.15 0.92 0.79 1.28 0.48 -0.22 -3.99
Table 0.00 0 0.00 0.00 0.00 0.00 0.00 0.60 1.18 0.59 0.67 0.28 -1.67 -2.89
