Person 0.00 0 0.00 0.00 0.00 0.00 0.00 1.78 0.71 0.78 -0.28 0.39 -2.01 -1.48
Person 0.00 0 0.00 0.00 0.00 0.00 0.00 1.78 0.71 0.78 -2.63 0.44 -2.28 -0.55
Couch 0.00 0 0.00 0.00 0.00 0.00 0.00 1.17 1.24 2.23 -5.04 0.57 0.46 -4.54
Chair 0.00 0 0.00 0.00 0.00 0.00 0.00 0.83 0.65 0.62 -1.59 0.22 -1.93 -3.01
Chair 0.00 0 0.00 0.00 0.00 0.00 0.00 0.94 0.77 0.72 -2.38 0.37 -1.42 -3.01
Chair 0.00 0 0.00 0.00 0.00 0.00 0.00 0.89 0.67 0.78 -1.04 0.26 -1.42 -2.99
Table 0.00 0 0.00 0.00 0.00 0.00 0.00 0.80 0.86 1.40 0.63 0.23 -2.63 0.11
Chair 0.00 0 0.00 0.00 0.00 0.00 0.00 0.78 0.72 0.67 -0.50 0.20 -0.67 -3.00
Chair 0.00 0 0.00 0.00 0.00 0.00 0.00 0.78 0.67 0.67 -0.72 0.20 0.04 -4.33
Chair 0.00 0 0.00 0.00 0.00 0.00 0.00 0.43 0.64 0.67 0.28 0.13 0.28 -0.83
Chair 0.00 0 0.00 0.00 0.00 0.00 0.00 1.01 0.92 0.79 -0.23 0.22 1.81 1.31
