Person 0.00 0 0.00 0.00 0.00 0.00 0.00 1.78 0.82 0.73 -0.36 0.22 -1.51 -1.20
Person 0.00 0 0.00 0.00 0.00 0.00 0.00 1.81 0.82 0.66 -2.49 0.33 2.25 0.35
Couch 0.00 0 0.00 0.00 0.00 0.00 0.00 1.17 1.24 2.23 -1.48 0.43 3.55 -3.31
Chair 0.00 0 0.00 0.00 0.00 0.00 0.00 0.94 0.77 0.72 -2.40 0.30 0.49 -1.77
Chair 0.00 0 0.00 0.00 0.00 0.00 0.00 0.87 0.72 0.86 -2.02 0.25 -0.87 -1.76
Table 0.00 0 0.00 0.00 0.00 0.00 0.00 0.80 0.86 1.40 -2.65 0.37 -2.98 1.36
Chair 0.00 0 0.00 0.00 0.00 0.00 0.00 0.92 0.72 0.67 -1.26 0.30 -1.03 -1.82
Chair 0.00 0 0.00 0.00 0.00 0.00 0.00 0.89 0.67 0.67 -0.58 0.25 -0.78 -3.08
Chair 0.00 0 0.00 0.00 0.00 0.00 0.00 0.43 0.64 0.67 0.07 0.25 -1.67 0.50
Couch 0.00 0 0.00 0.00 0.00 0.00 0.00 0.93 1.02 1.83 1.24 0.28 -2.33 -1.14
Table 0.00 0 0.00 0.00 0.00 0.00 0.00 0.60 1.18 0.59 0.42 0.28 -2.04 -2.72
