Person 0.00 0 0.00 0.00 0.00 0.00 0.00 1.85 0.78 0.85 -1.07 0.26 -2.01 -0.57
Person 0.00 0 0.00 0.00 0.00 0.00 0.00 1.85 0.82 0.63 -0.97 0.29 2.04 0.36
Couch 0.00 0 0.00 0.00 0.00 0.00 0.00 1.17 1.24 2.23 0.24 0.37 2.65 -2.78
Chair 0.00 0 0.00 0.00 0.00 0.00 0.00 0.94 0.78 0.72 -2.22 0.38 0.39 -1.21
Chair 0.00 0 0.00 0.00 0.00 0.00 0.00 0.87 0.72 0.88 -2.70 0.35 -0.74 -1.21
Chair 0.00 0 0.00 0.00 0.00 0.00 0.00 0.92 0.79 0.62 -1.97 0.32 -1.58 -1.18
Chair 0.00 0 0.00 0.00 0.00 0.00 0.00 0.95 0.67 0.67 -1.25 0.33 -1.51 -2.40
Chair 0.00 0 0.00 0.00 0.00 0.00 0.00 0.43 0.64 0.67 -1.19 0.33 -2.62 1.12
Couch 0.00 0 0.00 0.00 0.00 0.00 0.00 0.93 1.02 1.83 -0.59 0.42 -3.82 -0.49
Chair 0.00 0 0.00 0.00 0.00 0.00 0.00 0.88 0.68 0.64 0.53 0.31 -0.34 -2.79
Couch 0.00 0 0.00 0.00 0.00 0.00 0.00 0.91 0.81 1.28 0.92 0.32 0.52 -4.31
Table 0.00 0 0.00 0.00 0.00 0.00 0.00 0.60 1.18 0.59 -1.05 0.35 -3.09 -2.04
