Person 0.00 0 0.00 0.00 0.00 0.00 0.00 1.78 0.81 0.77 -0.14 0.35 -1.32 -1.60
Person 0.00 0 0.00 0.00 0.00 0.00 0.00 1.81 0.82 0.66 -3.27 0.42 1.70 1.13
Couch 0.00 0 0.00 0.00 0.00 0.00 0.00 1.17 1.24 2.23 -2.21 0.46 3.44 -3.53
Chair 0.00 0 0.00 0.00 0.00 0.00 0.00 0.94 0.77 0.72 -2.51 0.39 0.29 -1.94
Chair 0.00 0 0.00 0.00 0.00 0.00 0.00 0.87 0.72 0.86 -1.87 0.36 -0.90 -1.94
Table 0.00 0 0.00 0.00 0.00 0.00 0.00 0.80 0.86 1.40 -2.13 0.26 -3.15 1.16
Chair 0.00 0 0.00 0.00 0.00 0.00 0.00 0.92 0.72 0.67 -1.07 0.38 -1.03 -1.91
Chair 0.00 0 0.00 0.00 0.00 0.00 0.00 0.85 0.67 0.67 -0.44 0.18 -0.55 -3.08
Chair 0.00 0 0.00 0.00 0.00 0.00 0.00 0.43 0.64 0.67 0.23 0.26 -1.35 0.43
Couch 0.00 0 0.00 0.00 0.00 0.00 0.00 0.93 1.02 1.83 1.60 0.31 -1.87 -1.36
Chair 0.00 0 0.00 0.00 0.00 0.00 0.00 1.15 0.92 0.79 1.17 0.34 -0.33 -4.36
Table 0.00 0 0.00 0.00 0.00 0.00 0.00 0.60 1.18 0.59 0.74 0.28 -1.63 -2.97
