Person 0.00 0 0.00 0.00 0.00 0.00 0.00 1.78 0.81 0.77 -0.30 0.29 -1.41 -1.16
Person 0.00 0 0.00 0.00 0.00 0.00 0.00 1.81 0.82 0.66 -3.48 0.45 1.23 0.23
Couch 0.00 0 0.00 0.00 0.00 0.00 0.00 1.17 1.24 2.23 -2.52 0.47 3.24 -3.59
Chair 0.00 0 0.00 0.00 0.00 0.00 0.00 0.94 0.77 0.72 -2.53 0.31 0.06 -2.03
Chair 0.00 0 0.00 0.00 0.00 0.00 0.00 0.87 0.67 0.86 -1.77 0.33 -1.12 -2.15
Table 0.00 0 0.00 0.00 0.00 0.00 0.00 0.80 0.86 1.40 -1.91 0.25 -3.15 1.10
Chair 0.00 0 0.00 0.00 0.00 0.00 0.00 0.92 0.72 0.67 -0.96 0.32 -0.99 -2.07
Chair 0.00 0 0.00 0.00 0.00 0.00 0.00 0.85 0.67 0.67 -0.36 0.28 -0.52 -2.87
Chair 0.00 0 0.00 0.00 0.00 0.00 0.00 0.43 0.64 0.67 0.36 0.27 -1.22 0.28
Couch 0.00 0 0.00 0.00 0.00 0.00 0.00 0.93 1.02 1.83 1.69 0.32 -1.54 -1.38
Chair 0.00 0 0.00 0.00 0.00 0.00 0.00 1.15 0.92 0.79 1.22 0.33 0.07 -4.04
Table 0.00 0 0.00 0.00 0.00 0.00 0.00 0.60 1.18 0.59 0.82 0.28 -1.50 -2.97
