Person 0.00 0 0.00 0.00 0.00 0.00 0.00 1.78 0.81 0.77 -0.17 0.32 -1.24 -1.42
Person 0.00 0 0.00 0.00 0.00 0.00 0.00 1.81 0.82 0.66 -3.33 0.43 1.67 1.40
Couch 0.00 0 0.00 0.00 0.00 0.00 0.00 1.17 1.24 2.23 -2.30 0.47 3.36 -3.56
Chair 0.00 0 0.00 0.00 0.00 0.00 0.00 0.94 0.77 0.72 -2.63 0.27 0.22 -2.01
Chair 0.00 0 0.00 0.00 0.00 0.00 0.00 0.87 0.67 0.86 -1.85 0.34 -0.96 -2.00
Table 0.00 0 0.00 0.00 0.00 0.00 0.00 0.80 0.86 1.40 -2.05 0.26 -3.16 1.12
Chair 0.00 0 0.00 0.00 0.00 0.00 0.00 0.92 0.72 0.67 -1.10 0.31 -0.98 -1.95
Chair 0.00 0 0.00 0.00 0.00 0.00 0.00 0.85 0.67 0.67 -0.43 0.33 -0.48 -2.73
Chair 0.00 0 0.00 0.00 0.00 0.00 0.00 0.43 0.64 0.67 0.28 0.26 -1.29 0.37
Couch 0.00 0 0.00 0.00 0.00 0.00 0.00 0.93 1.02 1.83 1.64 0.31 -1.74 -1.37
Chair 0.00 0 0.00 0.00 0.00 0.00 0.00 1.15 0.92 0.79 1.19 0.24 -0.09 -4.23
Table 0.00 0 0.00 0.00 0.00 0.00 0.00 0.60 1.18 0.59 0.78 0.28 -1.57 -2.97
