Person 0.00 0 0.00 0.00 0.00 0.00 0.00 1.78 0.81 0.74 -0.97 0.32 -1.62 -0.89
Couch 0.00 0 0.00 0.00 0.00 0.00 0.00 1.17 1.24 2.23 -3.71 0.50 3.10 -3.87
Chair 0.00 0 0.00 0.00 0.00 0.00 0.00 0.83 0.65 0.62 -2.52 0.30 -0.96 -2.39
Chair 0.00 0 0.00 0.00 0.00 0.00 0.00 0.94 0.77 0.72 -2.75 0.32 -0.16 -2.41
Chair 0.00 0 0.00 0.00 0.00 0.00 0.00 0.87 0.67 0.86 -1.70 0.23 -0.92 -2.37
Table 0.00 0 0.00 0.00 0.00 0.00 0.00 0.80 0.86 1.40 -1.11 0.22 -2.92 0.80
Chair 0.00 0 0.00 0.00 0.00 0.00 0.00 0.78 0.72 0.67 -0.86 0.21 -0.65 -2.35
Chair 0.00 0 0.00 0.00 0.00 0.00 0.00 0.78 0.67 0.67 -0.52 0.20 0.02 -3.22
Chair 0.00 0 0.00 0.00 0.00 0.00 0.00 0.43 0.64 0.67 0.42 0.22 -0.41 -0.02
Couch 0.00 0 0.00 0.00 0.00 0.00 0.00 0.93 0.88 1.68 1.76 0.18 -0.33 -1.67
Chair 0.00 0 0.00 0.00 0.00 0.00 0.00 1.01 0.92 0.79 0.89 0.18 1.06 -4.26
Table 0.00 0 0.00 0.00 0.00 0.00 0.00 0.57 1.19 0.56 0.91 0.23 -0.41 -3.24
