Person 0.00 0 0.00 0.00 0.00 0.00 0.00 1.81 0.73 0.68 -0.89 0.31 -2.66 -0.93
Person 0.00 0 0.00 0.00 0.00 0.00 0.00 1.76 0.72 0.44 -1.13 0.36 -1.99 -0.86
Couch 0.00 0 0.00 0.00 0.00 0.00 0.00 1.17 1.24 2.23 -5.20 0.55 -1.22 1.10
Chair 0.00 0 0.00 0.00 0.00 0.00 0.00 0.75 0.65 0.62 -1.02 0.11 -1.41 -3.51
Chair 0.00 0 0.00 0.00 0.00 0.00 0.00 0.94 0.77 0.63 -2.00 0.34 -1.30 -3.57
Chair 0.00 0 0.00 0.00 0.00 0.00 0.00 0.78 0.67 0.67 -0.73 0.17 -0.69 -3.57
Table 0.00 0 0.00 0.00 0.00 0.00 0.00 0.80 0.86 1.40 1.31 0.15 -0.89 -0.44
Chair 0.00 0 0.00 0.00 0.00 0.00 0.00 0.78 0.67 0.67 -0.69 0.20 0.10 -3.57
Chair 0.00 0 0.00 0.00 0.00 0.00 0.00 0.78 0.67 0.67 -1.26 0.20 0.65 1.48
Chair 0.00 0 0.00 0.00 0.00 0.00 0.00 0.43 0.64 0.67 -0.51 0.23 1.39 -1.30
Couch 0.00 0 0.00 0.00 0.00 0.00 0.00 0.93 0.88 1.68 0.09 0.25 2.68 -2.91
Chair 0.00 0 0.00 0.00 0.00 0.00 0.00 1.01 0.92 0.79 -1.77 0.40 2.42 0.44
Table 0.00 0 0.00 0.00 0.00 0.00 0.00 0.57 1.19 0.56 -0.17 0.22 1.89 -4.53
