Person 0.00 0 0.00 0.00 0.00 0.00 0.00 1.77 0.77 0.81 -3.70 0.43 0.33 -0.48
Person 0.00 0 0.00 0.00 0.00 0.00 0.00 1.76 0.89 0.78 -1.91 0.26 -0.78 -0.11
Couch 0.00 0 0.00 0.00 0.00 0.00 0.00 1.17 1.24 2.23 -4.33 0.56 2.53 -4.66
Chair 0.00 0 0.00 0.00 0.00 0.00 0.00 0.75 0.67 0.63 -0.83 0.19 0.21 -2.98
Chair 0.00 0 0.00 0.00 0.00 0.00 0.00 0.94 0.67 0.59 -2.34 0.28 0.41 -3.15
Chair 0.00 0 0.00 0.00 0.00 0.00 0.00 0.94 0.77 0.63 -1.65 0.24 0.75 -3.12
Chair 0.00 0 0.00 0.00 0.00 0.00 0.00 0.78 0.67 0.63 -0.15 0.20 0.72 -3.01
Table 0.00 0 0.00 0.00 0.00 0.00 0.00 0.80 0.86 1.40 1.47 0.17 -0.42 0.10
Chair 0.00 0 0.00 0.00 0.00 0.00 0.00 0.48 0.58 0.67 1.08 0.22 2.42 -0.76
Table 0.00 0 0.00 0.00 0.00 0.00 0.00 0.58 1.19 0.56 1.54 0.21 2.75 -3.97
