Person 0.00 0 0.00 0.00 0.00 0.00 0.00 1.81 0.73 0.68 -1.26 0.30 -2.28 -1.17
Person 0.00 0 0.00 0.00 0.00 0.00 0.00 1.76 0.77 0.49 -2.01 0.37 -1.74 -0.58
Couch 0.00 0 0.00 0.00 0.00 0.00 0.00 1.17 1.24 2.23 -5.32 0.46 0.24 1.55
Chair 0.00 0 0.00 0.00 0.00 0.00 0.00 0.75 0.65 0.62 -1.54 0.09 -1.30 -3.19
Chair 0.00 0 0.00 0.00 0.00 0.00 0.00 0.94 0.77 0.72 -2.44 0.31 -0.94 -3.17
Chair 0.00 0 0.00 0.00 0.00 0.00 0.00 0.78 0.67 0.67 -1.02 0.16 -0.74 -3.22
Table 0.00 0 0.00 0.00 0.00 0.00 0.00 0.80 0.86 1.40 0.78 0.22 -1.67 -0.07
Chair 0.00 0 0.00 0.00 0.00 0.00 0.00 0.78 0.72 0.67 -0.73 0.20 -0.03 -3.21
Chair 0.00 0 0.00 0.00 0.00 0.00 0.00 0.78 0.67 0.67 -0.98 0.20 0.69 -4.42
Chair 0.00 0 0.00 0.00 0.00 0.00 0.00 0.43 0.64 0.67 0.04 0.20 1.12 -0.90
Couch 0.00 0 0.00 0.00 0.00 0.00 0.00 0.93 0.88 1.68 1.01 0.25 2.03 -2.52
Chair 0.00 0 0.00 0.00 0.00 0.00 0.00 1.01 0.92 0.79 -0.84 0.35 2.53 1.45
Table 0.00 0 0.00 0.00 0.00 0.00 0.00 0.57 1.19 0.56 0.51 0.15 1.45 -4.12
