Person 0.00 0 0.00 0.00 0.00 0.00 0.00 1.85 0.78 0.85 -0.31 0.32 -2.24 -0.65
Person 0.00 0 0.00 0.00 0.00 0.00 0.00 1.85 0.82 0.63 -1.77 0.29 1.77 0.56
Couch 0.00 0 0.00 0.00 0.00 0.00 0.00 1.17 1.24 2.23 -0.91 0.37 2.53 -3.20
Chair 0.00 0 0.00 0.00 0.00 0.00 0.00 0.94 0.78 0.72 -2.26 0.32 -0.23 -1.56
Chair 0.00 0 0.00 0.00 0.00 0.00 0.00 0.87 0.72 0.88 -2.07 0.34 -1.64 -1.58
Table 0.00 0 0.00 0.00 0.00 0.00 0.00 0.80 0.86 1.40 -3.00 0.30 -3.40 1.52
Chair 0.00 0 0.00 0.00 0.00 0.00 0.00 0.92 0.79 0.62 -1.28 0.30 -1.97 -1.61
Chair 0.00 0 0.00 0.00 0.00 0.00 0.00 0.95 0.67 0.67 -0.58 0.35 -1.66 -2.75
Chair 0.00 0 0.00 0.00 0.00 0.00 0.00 0.43 0.64 0.67 -0.17 0.29 -2.64 0.63
Couch 0.00 0 0.00 0.00 0.00 0.00 0.00 0.93 1.02 1.83 0.92 0.35 -3.47 -0.95
Chair 0.00 0 0.00 0.00 0.00 0.00 0.00 0.88 0.68 0.59 0.48 0.25 0.16 -3.19
Couch 0.00 0 0.00 0.00 0.00 0.00 0.00 0.91 0.81 1.28 0.42 0.32 1.00 1.49
Table 0.00 0 0.00 0.00 0.00 0.00 0.00 0.60 1.18 0.59 0.15 0.28 -3.05 -2.52
