Person 0.00 0 0.00 0.00 0.00 0.00 0.00 1.78 0.82 0.73 -0.11 0.34 -1.23 -1.22
Person 0.00 0 0.00 0.00 0.00 0.00 0.00 1.81 0.82 0.66 -2.96 0.35 1.99 0.20
Couch 0.00 0 0.00 0.00 0.00 0.00 0.00 1.17 1.24 2.23 -2.16 0.44 3.35 -3.48
Chair 0.00 0 0.00 0.00 0.00 0.00 0.00 0.94 0.77 0.72 -2.48 0.17 0.22 -1.93
Chair 0.00 0 0.00 0.00 0.00 0.00 0.00 0.87 0.72 0.86 -1.93 0.45 -1.00 -1.89
Table 0.00 0 0.00 0.00 0.00 0.00 0.00 0.80 0.86 1.40 -2.20 0.34 -3.10 1.18
Chair 0.00 0 0.00 0.00 0.00 0.00 0.00 0.92 0.72 0.67 -1.09 0.46 -1.09 -1.88
Chair 0.00 0 0.00 0.00 0.00 0.00 0.00 0.89 0.67 0.67 -0.41 0.31 -0.62 -3.04
Chair 0.00 0 0.00 0.00 0.00 0.00 0.00 0.43 0.64 0.67 0.22 0.25 -1.39 0.38
Couch 0.00 0 0.00 0.00 0.00 0.00 0.00 0.93 1.02 1.83 1.52 0.29 -1.93 -1.27
Table 0.00 0 0.00 0.00 0.00 0.00 0.00 0.60 1.18 0.59 0.70 0.28 -1.72 -2.88
