Person 0.00 0 0.00 0.00 0.00 0.00 0.00 1.85 0.67 0.85 -1.22 0.34 -1.45 -0.66
Person 0.00 0 0.00 0.00 0.00 0.00 0.00 1.85 0.82 0.63 -0.92 0.29 2.79 0.81
Couch 0.00 0 0.00 0.00 0.00 0.00 0.00 1.17 1.24 2.23 0.22 0.40 3.35 -2.81
Chair 0.00 0 0.00 0.00 0.00 0.00 0.00 0.94 0.78 0.69 -2.04 0.31 1.05 -1.24
Chair 0.00 0 0.00 0.00 0.00 0.00 0.00 0.87 0.72 0.86 -2.34 0.30 -0.24 -1.23
Chair 0.00 0 0.00 0.00 0.00 0.00 0.00 0.92 0.74 0.62 -1.68 0.30 -0.78 -1.27
Chair 0.00 0 0.00 0.00 0.00 0.00 0.00 0.89 0.67 0.67 -0.88 0.27 -0.78 -2.53
Chair 0.00 0 0.00 0.00 0.00 0.00 0.00 0.43 0.64 0.67 -0.85 0.29 -1.91 0.98
Couch 0.00 0 0.00 0.00 0.00 0.00 0.00 0.93 1.02 1.83 -0.09 0.26 -3.02 -0.65
Chair 0.00 0 0.00 0.00 0.00 0.00 0.00 0.91 0.72 0.67 0.72 0.22 0.41 -2.82
Couch 0.00 0 0.00 0.00 0.00 0.00 0.00 0.91 0.81 1.28 0.96 0.19 1.33 -4.37
Table 0.00 0 0.00 0.00 0.00 0.00 0.00 0.60 1.18 0.59 -0.63 0.28 -2.41 -2.18
