Person 0.00 0 0.00 0.00 0.00 0.00 0.00 1.76 0.72 0.51 -0.97 0.34 -1.91 -0.82
Couch 0.00 0 0.00 0.00 0.00 0.00 0.00 1.17 1.24 2.23 -5.20 0.52 -1.11 1.18
Chair 0.00 0 0.00 0.00 0.00 0.00 0.00 0.75 0.65 0.62 -1.00 0.10 -1.16 -3.55
Chair 0.00 0 0.00 0.00 0.00 0.00 0.00 0.94 0.77 0.72 -1.91 0.24 -1.09 -3.57
Chair 0.00 0 0.00 0.00 0.00 0.00 0.00 0.78 0.67 0.67 -0.71 0.16 -0.40 -3.60
Table 0.00 0 0.00 0.00 0.00 0.00 0.00 0.80 0.86 1.40 1.29 0.13 -0.59 -0.43
Chair 0.00 0 0.00 0.00 0.00 0.00 0.00 0.78 0.67 0.67 -0.76 0.20 0.34 -3.57
Chair 0.00 0 0.00 0.00 0.00 0.00 0.00 0.78 0.67 0.67 -1.25 0.20 0.92 1.48
Chair 0.00 0 0.00 0.00 0.00 0.00 0.00 0.43 0.64 0.67 -0.53 0.24 1.73 -1.28
Couch 0.00 0 0.00 0.00 0.00 0.00 0.00 0.93 0.88 1.68 0.02 0.25 2.95 -2.94
Chair 0.00 0 0.00 0.00 0.00 0.00 0.00 1.01 0.92 0.79 -1.75 0.45 2.56 0.58
Table 0.00 0 0.00 0.00 0.00 0.00 0.00 0.57 1.19 0.56 -0.32 0.23 2.20 -4.50
