Person 0.00 0 0.00 0.00 0.00 0.00 0.00 1.77 0.77 0.81 -3.51 0.35 0.44 -0.36
Person 0.00 0 0.00 0.00 0.00 0.00 0.00 1.76 0.89 0.78 -1.77 0.34 -0.29 -0.44
Couch 0.00 0 0.00 0.00 0.00 0.00 0.00 1.17 1.24 2.23 -4.19 0.52 2.80 -4.60
Chair 0.00 0 0.00 0.00 0.00 0.00 0.00 0.75 0.67 0.63 -0.82 0.18 0.47 -2.93
Chair 0.00 0 0.00 0.00 0.00 0.00 0.00 0.94 0.67 0.59 -2.25 0.21 0.62 -2.99
Chair 0.00 0 0.00 0.00 0.00 0.00 0.00 0.94 0.77 0.63 -1.52 0.24 0.98 -3.05
Chair 0.00 0 0.00 0.00 0.00 0.00 0.00 0.78 0.67 0.63 -0.18 0.17 0.91 -3.10
Table 0.00 0 0.00 0.00 0.00 0.00 0.00 0.80 0.86 1.40 1.44 0.18 -0.33 0.15
Chair 0.00 0 0.00 0.00 0.00 0.00 0.00 0.48 0.58 0.67 1.21 0.31 2.58 -0.68
Couch 0.00 0 0.00 0.00 0.00 0.00 0.00 0.93 1.12 1.68 2.40 0.41 3.47 -2.34
Table 0.00 0 0.00 0.00 0.00 0.00 0.00 0.58 1.19 0.56 1.68 0.35 2.84 -3.85
