Person 0.00 0 0.00 0.00 0.00 0.00 0.00 1.85 0.70 0.73 -1.00 0.31 -2.26 -1.39
Person 0.00 0 0.00 0.00 0.00 0.00 0.00 1.85 0.81 0.68 -0.81 0.34 1.76 1.20
Couch 0.00 0 0.00 0.00 0.00 0.00 0.00 1.17 1.24 2.23 0.70 0.35 1.84 -2.59
Chair 0.00 0 0.00 0.00 0.00 0.00 0.00 0.94 0.78 0.72 -2.20 0.23 0.11 -0.95
Chair 0.00 0 0.00 0.00 0.00 0.00 0.00 0.92 0.79 0.62 -2.23 0.38 -1.70 -0.93
Chair 0.00 0 0.00 0.00 0.00 0.00 0.00 0.95 0.67 0.67 -1.62 0.45 -1.87 -1.88
Chair 0.00 0 0.00 0.00 0.00 0.00 0.00 0.43 0.64 0.67 -1.80 0.34 -3.00 1.24
Couch 0.00 0 0.00 0.00 0.00 0.00 0.00 0.93 1.02 1.83 -1.35 0.53 -4.33 -0.38
Chair 0.00 0 0.00 0.00 0.00 0.00 0.00 0.88 0.68 0.64 0.38 0.25 -1.10 -2.58
Couch 0.00 0 0.00 0.00 0.00 0.00 0.00 0.91 0.81 1.28 0.82 0.17 -0.31 -4.17
Table 0.00 0 0.00 0.00 0.00 0.00 0.00 0.64 1.24 0.57 -1.70 0.40 -3.51 -1.93
