Person 0.00 0 0.00 0.00 0.00 0.00 0.00 1.85 0.67 0.85 -0.80 0.35 -1.86 -0.80
Person 0.00 0 0.00 0.00 0.00 0.00 0.00 1.85 0.82 0.63 -1.36 0.29 2.33 0.62
Couch 0.00 0 0.00 0.00 0.00 0.00 0.00 1.17 1.24 2.23 -0.29 0.39 3.17 -3.03
Chair 0.00 0 0.00 0.00 0.00 0.00 0.00 0.94 0.78 0.69 -2.05 0.35 0.48 -1.48
Chair 0.00 0 0.00 0.00 0.00 0.00 0.00 0.87 0.72 0.88 -2.23 0.31 -0.85 -1.40
Table 0.00 0 0.00 0.00 0.00 0.00 0.00 0.80 0.86 1.40 -3.54 0.42 -2.46 -4.60
Chair 0.00 0 0.00 0.00 0.00 0.00 0.00 0.92 0.74 0.62 -1.60 0.34 -1.28 -1.44
Chair 0.00 0 0.00 0.00 0.00 0.00 0.00 0.89 0.67 0.67 -0.75 0.22 -1.17 -2.41
Chair 0.00 0 0.00 0.00 0.00 0.00 0.00 0.43 0.64 0.67 -0.55 0.27 -2.17 0.83
Couch 0.00 0 0.00 0.00 0.00 0.00 0.00 0.93 1.02 1.83 0.40 0.26 -3.25 -0.79
Chair 0.00 0 0.00 0.00 0.00 0.00 0.00 0.91 0.72 0.67 0.66 0.17 0.39 -3.04
Couch 0.00 0 0.00 0.00 0.00 0.00 0.00 0.91 0.81 1.28 0.73 0.20 1.38 -4.65
Table 0.00 0 0.00 0.00 0.00 0.00 0.00 0.60 1.18 0.59 -0.28 0.28 -2.66 -2.39
