Person 0.00 0 0.00 0.00 0.00 0.00 0.00 1.85 0.67 0.73 -0.54 0.32 -1.58 -1.21
Person 0.00 0 0.00 0.00 0.00 0.00 0.00 1.85 0.82 0.63 -2.11 0.34 2.40 0.75
Couch 0.00 0 0.00 0.00 0.00 0.00 0.00 1.17 1.24 2.23 -1.31 0.40 3.36 -3.23
Chair 0.00 0 0.00 0.00 0.00 0.00 0.00 0.94 0.77 0.72 -2.39 0.37 0.44 -1.67
Table 0.00 0 0.00 0.00 0.00 0.00 0.00 0.80 0.86 1.40 -2.94 0.36 -2.90 1.42
Chair 0.00 0 0.00 0.00 0.00 0.00 0.00 0.92 0.74 0.62 -1.32 0.41 -1.13 -1.72
Chair 0.00 0 0.00 0.00 0.00 0.00 0.00 0.89 0.67 0.67 -0.63 0.31 -0.86 -2.72
Chair 0.00 0 0.00 0.00 0.00 0.00 0.00 0.43 0.64 0.67 -0.11 0.31 -1.79 0.62
Couch 0.00 0 0.00 0.00 0.00 0.00 0.00 0.93 1.02 1.83 1.03 0.26 -2.53 -1.12
Couch 0.00 0 0.00 0.00 0.00 0.00 0.00 0.91 0.81 1.28 0.14 0.18 1.93 1.45
Table 0.00 0 0.00 0.00 0.00 0.00 0.00 0.60 1.18 0.59 0.30 0.28 -2.18 -2.66
