Person 0.00 0 0.00 0.00 0.00 0.00 0.00 1.81 0.73 0.68 -1.10 0.32 -2.61 -0.92
Person 0.00 0 0.00 0.00 0.00 0.00 0.00 1.76 0.72 0.44 -1.08 0.31 -2.00 -1.15
Couch 0.00 0 0.00 0.00 0.00 0.00 0.00 1.17 1.24 2.23 -5.17 0.63 -1.15 1.10
Chair 0.00 0 0.00 0.00 0.00 0.00 0.00 0.75 0.65 0.62 -1.00 0.12 -1.29 -3.53
Chair 0.00 0 0.00 0.00 0.00 0.00 0.00 0.94 0.77 0.63 -1.95 0.26 -1.25 -3.51
Chair 0.00 0 0.00 0.00 0.00 0.00 0.00 0.78 0.67 0.67 -0.74 0.17 -0.52 -3.50
Table 0.00 0 0.00 0.00 0.00 0.00 0.00 0.80 0.86 1.40 1.33 0.17 -0.75 -0.45
Chair 0.00 0 0.00 0.00 0.00 0.00 0.00 0.78 0.67 0.67 -0.68 0.20 0.27 -3.57
Chair 0.00 0 0.00 0.00 0.00 0.00 0.00 0.78 0.67 0.67 -1.25 0.20 0.77 1.48
Chair 0.00 0 0.00 0.00 0.00 0.00 0.00 0.43 0.64 0.67 -0.52 0.24 1.57 -1.31
Couch 0.00 0 0.00 0.00 0.00 0.00 0.00 0.93 0.88 1.68 0.10 0.25 2.82 -2.92
Chair 0.00 0 0.00 0.00 0.00 0.00 0.00 1.01 0.92 0.79 -1.83 0.24 2.44 0.33
Table 0.00 0 0.00 0.00 0.00 0.00 0.00 0.57 1.19 0.56 -0.24 0.24 2.02 -4.54
