Person 0.00 0 0.00 0.00 0.00 0.00 0.00 1.85 0.78 0.85 -1.02 0.34 -2.12 -0.54
Person 0.00 0 0.00 0.00 0.00 0.00 0.00 1.85 0.81 0.68 -0.91 0.29 1.95 0.22
Couch 0.00 0 0.00 0.00 0.00 0.00 0.00 1.17 1.24 2.23 0.37 0.36 2.40 -2.75
Chair 0.00 0 0.00 0.00 0.00 0.00 0.00 0.94 0.78 0.72 -2.08 0.43 0.46 -1.13
Chair 0.00 0 0.00 0.00 0.00 0.00 0.00 0.87 0.72 0.88 -2.59 0.36 -0.69 -1.10
Chair 0.00 0 0.00 0.00 0.00 0.00 0.00 0.92 0.79 0.62 -2.07 0.40 -1.55 -1.15
Chair 0.00 0 0.00 0.00 0.00 0.00 0.00 0.95 0.67 0.67 -1.34 0.32 -1.51 -2.21
Chair 0.00 0 0.00 0.00 0.00 0.00 0.00 0.43 0.64 0.67 -1.32 0.35 -2.67 1.02
Couch 0.00 0 0.00 0.00 0.00 0.00 0.00 0.93 1.02 1.83 -0.80 0.51 -3.92 -0.53
Chair 0.00 0 0.00 0.00 0.00 0.00 0.00 0.88 0.68 0.64 0.49 0.18 -0.50 -2.79
Couch 0.00 0 0.00 0.00 0.00 0.00 0.00 0.91 0.81 1.28 0.82 0.15 0.34 -4.34
Table 0.00 0 0.00 0.00 0.00 0.00 0.00 0.60 1.18 0.59 -1.26 0.37 -3.19 -2.10
