Person 0.00 0 0.00 0.00 0.00 0.00 0.00 1.78 0.82 0.73 -0.29 0.27 -1.46 -1.21
Person 0.00 0 0.00 0.00 0.00 0.00 0.00 1.81 0.82 0.66 -2.59 0.34 2.20 0.29
Couch 0.00 0 0.00 0.00 0.00 0.00 0.00 1.17 1.24 2.23 -1.62 0.43 3.52 -3.35
Chair 0.00 0 0.00 0.00 0.00 0.00 0.00 0.94 0.77 0.72 -2.47 0.41 0.34 -1.82
Chair 0.00 0 0.00 0.00 0.00 0.00 0.00 0.87 0.72 0.86 -1.97 0.47 -1.05 -1.80
Table 0.00 0 0.00 0.00 0.00 0.00 0.00 0.80 0.86 1.40 -2.59 0.35 -2.97 1.32
Chair 0.00 0 0.00 0.00 0.00 0.00 0.00 0.92 0.72 0.67 -1.19 0.44 -1.01 -1.86
Chair 0.00 0 0.00 0.00 0.00 0.00 0.00 0.89 0.67 0.67 -0.53 0.25 -0.77 -3.21
Chair 0.00 0 0.00 0.00 0.00 0.00 0.00 0.43 0.64 0.67 0.08 0.25 -1.71 0.58
Couch 0.00 0 0.00 0.00 0.00 0.00 0.00 0.93 1.02 1.83 1.32 0.29 -2.30 -1.13
Table 0.00 0 0.00 0.00 0.00 0.00 0.00 0.60 1.18 0.59 0.50 0.28 -2.00 -2.77
