Person 0.00 0 0.00 0.00 0.00 0.00 0.00 1.78 0.61 0.83 -1.50 0.34 -2.08 -0.54
Couch 0.00 0 0.00 0.00 0.00 0.00 0.00 1.17 1.24 2.23 -5.29 0.66 1.09 -4.61
Chair 0.00 0 0.00 0.00 0.00 0.00 0.00 0.83 0.65 0.62 -1.79 0.15 -1.23 -3.04
Chair 0.00 0 0.00 0.00 0.00 0.00 0.00 0.94 0.77 0.72 -2.64 0.25 -0.80 -3.03
Chair 0.00 0 0.00 0.00 0.00 0.00 0.00 0.78 0.67 0.72 -1.13 0.15 -0.68 -3.02
Table 0.00 0 0.00 0.00 0.00 0.00 0.00 0.80 0.86 1.40 0.59 0.22 -1.82 0.04
Chair 0.00 0 0.00 0.00 0.00 0.00 0.00 0.78 0.72 0.67 -0.65 0.17 0.03 -3.00
Chair 0.00 0 0.00 0.00 0.00 0.00 0.00 0.78 0.67 0.67 -0.87 0.20 0.72 -4.32
Chair 0.00 0 0.00 0.00 0.00 0.00 0.00 0.43 0.64 0.67 0.19 0.16 1.04 -0.79
Couch 0.00 0 0.00 0.00 0.00 0.00 0.00 0.93 0.88 1.68 1.31 0.25 1.86 -2.42
Chair 0.00 0 0.00 0.00 0.00 0.00 0.00 1.01 0.92 0.79 -0.42 0.21 2.44 1.09
Table 0.00 0 0.00 0.00 0.00 0.00 0.00 0.57 1.19 0.56 0.68 0.18 1.36 -3.98
