Person 0.00 0 0.00 0.00 0.00 0.00 0.00 1.81 0.73 0.68 -1.59 0.32 -2.36 -1.05
Person 0.00 0 0.00 0.00 0.00 0.00 0.00 1.74 0.72 0.44 -0.89 0.24 -1.84 -1.22
Couch 0.00 0 0.00 0.00 0.00 0.00 0.00 1.17 1.24 2.23 -5.12 0.48 -1.06 1.19
Chair 0.00 0 0.00 0.00 0.00 0.00 0.00 0.75 0.61 0.62 -0.95 0.13 -1.05 -3.54
Chair 0.00 0 0.00 0.00 0.00 0.00 0.00 0.94 0.77 0.63 -1.91 0.23 -1.00 -3.61
Chair 0.00 0 0.00 0.00 0.00 0.00 0.00 0.78 0.67 0.67 -0.65 0.17 -0.24 -3.56
Table 0.00 0 0.00 0.00 0.00 0.00 0.00 0.80 0.86 1.40 1.33 0.18 -0.44 -0.47
Chair 0.00 0 0.00 0.00 0.00 0.00 0.00 0.78 0.67 0.67 -0.71 0.17 0.49 -3.57
Chair 0.00 0 0.00 0.00 0.00 0.00 0.00 0.78 0.67 0.67 -1.28 0.20 1.08 1.48
Chair 0.00 0 0.00 0.00 0.00 0.00 0.00 0.43 0.64 0.67 -0.51 0.26 1.84 -1.35
Couch 0.00 0 0.00 0.00 0.00 0.00 0.00 0.93 0.88 1.68 0.09 0.25 2.99 -2.92
Chair 0.00 0 0.00 0.00 0.00 0.00 0.00 1.01 0.92 0.79 -1.87 0.42 2.69 0.63
Table 0.00 0 0.00 0.00 0.00 0.00 0.00 0.57 1.19 0.56 -0.30 0.25 2.37 -4.54
