Person 0.00 0 0.00 0.00 0.00 0.00 0.00 1.78 0.81 0.77 -1.36 0.37 -1.17 -0.47
Person 0.00 0 0.00 0.00 0.00 0.00 0.00 1.81 0.82 0.66 -3.18 0.43 2.12 0.50
Couch 0.00 0 0.00 0.00 0.00 0.00 0.00 1.17 1.24 2.23 -1.42 0.54 4.21 -3.29
Chair 0.00 0 0.00 0.00 0.00 0.00 0.00 0.83 0.65 0.62 -2.56 0.46 0.25 -1.75
Chair 0.00 0 0.00 0.00 0.00 0.00 0.00 0.94 0.77 0.72 -2.37 0.38 1.20 -1.76
Chair 0.00 0 0.00 0.00 0.00 0.00 0.00 0.87 0.67 0.86 -1.96 0.18 -0.19 -1.81
Chair 0.00 0 0.00 0.00 0.00 0.00 0.00 0.92 0.72 0.67 -1.20 0.39 -0.30 -1.73
Chair 0.00 0 0.00 0.00 0.00 0.00 0.00 0.85 0.67 0.67 -0.46 0.40 -0.03 -3.05
Chair 0.00 0 0.00 0.00 0.00 0.00 0.00 0.43 0.64 0.67 0.10 0.26 -0.86 0.49
Couch 0.00 0 0.00 0.00 0.00 0.00 0.00 0.93 0.88 1.68 1.19 0.21 -1.52 -1.11
Chair 0.00 0 0.00 0.00 0.00 0.00 0.00 1.01 0.92 0.79 1.30 0.18 0.02 -3.87
Table 0.00 0 0.00 0.00 0.00 0.00 0.00 0.60 1.19 0.56 0.49 0.28 -1.21 -2.69
