Person 0.00 0 0.00 0.00 0.00 0.00 0.00 1.85 0.73 0.73 -1.05 0.31 -2.21 -1.13
Person 0.00 0 0.00 0.00 0.00 0.00 0.00 1.85 0.81 0.68 -0.85 0.33 1.84 1.28
Couch 0.00 0 0.00 0.00 0.00 0.00 0.00 1.17 1.24 2.23 0.59 0.34 2.07 -2.63
Chair 0.00 0 0.00 0.00 0.00 0.00 0.00 0.94 0.78 0.72 -2.15 0.20 0.17 -1.03
Chair 0.00 0 0.00 0.00 0.00 0.00 0.00 0.92 0.79 0.62 -2.24 0.36 -1.65 -0.95
Chair 0.00 0 0.00 0.00 0.00 0.00 0.00 0.95 0.67 0.67 -1.44 0.35 -1.73 -2.07
Chair 0.00 0 0.00 0.00 0.00 0.00 0.00 0.43 0.64 0.67 -1.60 0.39 -2.87 1.26
Couch 0.00 0 0.00 0.00 0.00 0.00 0.00 0.93 1.02 1.83 -1.20 0.54 -4.22 -0.48
Chair 0.00 0 0.00 0.00 0.00 0.00 0.00 0.88 0.68 0.64 0.46 0.23 -0.84 -2.68
Couch 0.00 0 0.00 0.00 0.00 0.00 0.00 0.87 0.81 1.28 0.88 0.15 0.01 -4.22
Table 0.00 0 0.00 0.00 0.00 0.00 0.00 0.64 1.24 0.57 -1.51 0.41 -3.36 -2.03
