Person 0.00 0 0.00 0.00 0.00 0.00 0.00 1.85 0.73 0.73 -1.08 0.31 -2.29 -1.33
Person 0.00 0 0.00 0.00 0.00 0.00 0.00 1.85 0.81 0.68 -0.77 0.33 1.63 -4.55
Couch 0.00 0 0.00 0.00 0.00 0.00 0.00 1.17 1.24 2.23 0.82 0.34 1.67 -2.54
Chair 0.00 0 0.00 0.00 0.00 0.00 0.00 0.94 0.78 0.72 -2.21 0.22 0.02 -1.03
Chair 0.00 0 0.00 0.00 0.00 0.00 0.00 0.92 0.79 0.62 -2.30 0.37 -1.71 -0.86
Chair 0.00 0 0.00 0.00 0.00 0.00 0.00 0.95 0.67 0.67 -1.64 0.36 -1.93 -1.92
Chair 0.00 0 0.00 0.00 0.00 0.00 0.00 0.43 0.64 0.67 -1.88 0.36 -3.05 1.25
Couch 0.00 0 0.00 0.00 0.00 0.00 0.00 0.93 1.02 1.83 -1.42 0.58 -4.35 -0.29
Chair 0.00 0 0.00 0.00 0.00 0.00 0.00 0.88 0.68 0.64 0.38 0.29 -1.29 -2.55
Couch 0.00 0 0.00 0.00 0.00 0.00 0.00 0.91 0.81 1.28 0.86 0.17 -0.40 -4.08
Table 0.00 0 0.00 0.00 0.00 0.00 0.00 0.64 1.24 0.57 -1.82 0.41 -3.57 -1.84
