Person 0.00 0 0.00 0.00 0.00 0.00 0.00 1.85 0.78 0.85 -0.71 0.35 -1.98 -0.97
Person 0.00 0 0.00 0.00 0.00 0.00 0.00 1.85 0.82 0.63 -1.51 0.29 2.16 0.61
Couch 0.00 0 0.00 0.00 0.00 0.00 0.00 1.17 1.24 2.23 -0.49 0.39 3.10 -3.11
Chair 0.00 0 0.00 0.00 0.00 0.00 0.00 0.94 0.78 0.69 -2.16 0.39 0.29 -1.50
Chair 0.00 0 0.00 0.00 0.00 0.00 0.00 0.87 0.72 0.88 -2.17 0.32 -1.10 -1.49
Table 0.00 0 0.00 0.00 0.00 0.00 0.00 0.80 0.86 1.40 -3.39 0.35 -2.79 -4.71
Chair 0.00 0 0.00 0.00 0.00 0.00 0.00 0.92 0.74 0.62 -1.57 0.36 -1.48 -1.54
Chair 0.00 0 0.00 0.00 0.00 0.00 0.00 0.89 0.67 0.67 -0.73 0.28 -1.26 -2.60
Chair 0.00 0 0.00 0.00 0.00 0.00 0.00 0.43 0.64 0.67 -0.42 0.25 -2.28 0.73
Couch 0.00 0 0.00 0.00 0.00 0.00 0.00 0.93 1.02 1.83 0.59 0.25 -3.28 -0.85
Chair 0.00 0 0.00 0.00 0.00 0.00 0.00 0.88 0.72 0.63 0.63 0.10 0.47 -3.11
Couch 0.00 0 0.00 0.00 0.00 0.00 0.00 0.91 0.81 1.28 0.65 0.19 1.38 -4.70
Table 0.00 0 0.00 0.00 0.00 0.00 0.00 0.60 1.18 0.59 -0.11 0.28 -2.77 -2.46
