Person 0.00 0 0.00 0.00 0.00 0.00 0.00 1.81 0.86 0.68 -1.77 0.39 -2.02 -1.09
Person 0.00 0 0.00 0.00 0.00 0.00 0.00 1.74 0.82 0.49 -0.84 0.26 -1.65 -1.53
Couch 0.00 0 0.00 0.00 0.00 0.00 0.00 1.17 1.24 2.23 -5.13 0.48 -0.70 1.14
Chair 0.00 0 0.00 0.00 0.00 0.00 0.00 0.75 0.61 0.62 -0.98 0.15 -0.74 -3.64
Chair 0.00 0 0.00 0.00 0.00 0.00 0.00 0.94 0.77 0.63 -1.79 0.33 -0.74 -3.58
Chair 0.00 0 0.00 0.00 0.00 0.00 0.00 0.78 0.67 0.67 -0.66 0.18 0.05 -3.60
Table 0.00 0 0.00 0.00 0.00 0.00 0.00 0.80 0.86 1.40 1.35 0.15 -0.03 -0.51
Chair 0.00 0 0.00 0.00 0.00 0.00 0.00 0.78 0.67 0.67 -0.84 0.17 0.86 -3.57
Chair 0.00 0 0.00 0.00 0.00 0.00 0.00 0.43 0.64 0.67 -0.58 0.26 2.15 -1.42
Couch 0.00 0 0.00 0.00 0.00 0.00 0.00 0.93 1.00 1.68 0.02 0.35 3.52 -3.00
Chair 0.00 0 0.00 0.00 0.00 0.00 0.00 1.01 0.92 0.79 -1.92 0.39 2.97 0.59
Table 0.00 0 0.00 0.00 0.00 0.00 0.00 0.57 1.19 0.56 -0.32 0.28 2.67 -4.55
