Person 0.00 0 0.00 0.00 0.00 0.00 0.00 1.85 0.94 0.80 -0.60 0.42 -1.55 -1.36
Person 0.00 0 0.00 0.00 0.00 0.00 0.00 1.78 0.82 0.66 -1.78 0.35 2.68 0.64
Couch 0.00 0 0.00 0.00 0.00 0.00 0.00 1.17 1.24 2.23 -1.07 0.41 3.44 -3.21
Chair 0.00 0 0.00 0.00 0.00 0.00 0.00 0.94 0.77 0.72 -2.31 0.30 0.44 -1.59
Chair 0.00 0 0.00 0.00 0.00 0.00 0.00 0.87 0.72 0.86 -2.16 0.29 -0.90 -1.54
Table 0.00 0 0.00 0.00 0.00 0.00 0.00 0.80 0.86 1.40 -3.16 0.41 -2.65 -4.70
Chair 0.00 0 0.00 0.00 0.00 0.00 0.00 0.92 0.74 0.62 -1.44 0.39 -0.97 -1.61
Chair 0.00 0 0.00 0.00 0.00 0.00 0.00 0.89 0.67 0.67 -0.58 0.31 -0.81 -2.77
Chair 0.00 0 0.00 0.00 0.00 0.00 0.00 0.43 0.64 0.67 -0.28 0.24 -1.88 0.70
Couch 0.00 0 0.00 0.00 0.00 0.00 0.00 0.93 1.02 1.83 0.76 0.27 -2.69 -0.90
Table 0.00 0 0.00 0.00 0.00 0.00 0.00 0.60 1.18 0.59 0.06 0.28 -2.25 -2.56
