Person 0.00 0 0.00 0.00 0.00 0.00 0.00 1.78 0.82 0.73 -0.15 0.41 -1.30 -2.09
Person 0.00 0 0.00 0.00 0.00 0.00 0.00 1.81 0.82 0.66 -3.06 0.39 1.97 0.46
Couch 0.00 0 0.00 0.00 0.00 0.00 0.00 1.17 1.24 2.23 -2.16 0.45 3.39 -3.48
Chair 0.00 0 0.00 0.00 0.00 0.00 0.00 0.87 0.72 0.86 -1.89 0.39 -1.07 -1.93
Table 0.00 0 0.00 0.00 0.00 0.00 0.00 0.80 0.86 1.40 -2.21 0.39 -3.10 1.16
Chair 0.00 0 0.00 0.00 0.00 0.00 0.00 0.92 0.72 0.67 -1.15 0.38 -0.96 -1.90
Chair 0.00 0 0.00 0.00 0.00 0.00 0.00 0.89 0.67 0.67 -0.40 0.32 -0.58 -2.91
Chair 0.00 0 0.00 0.00 0.00 0.00 0.00 0.43 0.64 0.67 0.27 0.26 -1.46 0.27
Couch 0.00 0 0.00 0.00 0.00 0.00 0.00 0.93 1.02 1.83 1.55 0.30 -1.85 -1.32
Chair 0.00 0 0.00 0.00 0.00 0.00 0.00 1.15 0.92 0.79 1.21 0.31 -0.32 -3.79
Table 0.00 0 0.00 0.00 0.00 0.00 0.00 0.60 1.18 0.59 0.70 0.28 -1.66 -2.94
