Person 0.00 0 0.00 0.00 0.00 0.00 0.00 1.78 0.81 0.77 -1.32 0.33 -1.09 -0.38
Person 0.00 0 0.00 0.00 0.00 0.00 0.00 1.81 0.82 0.66 -3.11 0.36 2.20 0.52
Couch 0.00 0 0.00 0.00 0.00 0.00 0.00 1.17 1.24 2.23 -1.21 0.57 4.24 -3.32
Chair 0.00 0 0.00 0.00 0.00 0.00 0.00 0.83 0.65 0.62 -2.55 0.33 0.27 -1.74
Chair 0.00 0 0.00 0.00 0.00 0.00 0.00 0.94 0.77 0.72 -2.36 0.43 1.14 -1.72
Chair 0.00 0 0.00 0.00 0.00 0.00 0.00 0.87 0.67 0.86 -1.98 0.29 -0.19 -1.71
Table 0.00 0 0.00 0.00 0.00 0.00 0.00 0.80 0.86 1.40 -2.72 0.39 -2.07 1.41
Chair 0.00 0 0.00 0.00 0.00 0.00 0.00 0.92 0.72 0.67 -1.17 0.42 -0.38 -1.71
Chair 0.00 0 0.00 0.00 0.00 0.00 0.00 0.85 0.67 0.67 -0.46 0.46 -0.04 -2.96
Chair 0.00 0 0.00 0.00 0.00 0.00 0.00 0.43 0.64 0.67 0.04 0.27 -0.94 0.62
Couch 0.00 0 0.00 0.00 0.00 0.00 0.00 0.93 0.88 1.68 1.23 0.24 -1.69 -1.06
Chair 0.00 0 0.00 0.00 0.00 0.00 0.00 1.01 0.92 0.79 1.33 0.18 -0.12 -3.76
Table 0.00 0 0.00 0.00 0.00 0.00 0.00 0.60 1.19 0.56 0.46 0.28 -1.30 -2.71
