Person 0.00 0 0.00 0.00 0.00 0.00 0.00 1.72 0.86 0.68 -2.01 0.40 -1.88 -0.72
Person 0.00 0 0.00 0.00 0.00 0.00 0.00 1.74 0.82 0.43 -0.94 0.33 -1.46 -1.01
Couch 0.00 0 0.00 0.00 0.00 0.00 0.00 1.17 1.24 2.23 -5.11 0.57 -0.64 1.10
Chair 0.00 0 0.00 0.00 0.00 0.00 0.00 0.75 0.67 0.63 -0.98 0.16 -0.50 -3.67
Chair 0.00 0 0.00 0.00 0.00 0.00 0.00 0.94 0.77 0.63 -1.92 0.22 -0.50 -3.62
Chair 0.00 0 0.00 0.00 0.00 0.00 0.00 0.78 0.67 0.67 -0.68 0.18 0.25 -3.60
Table 0.00 0 0.00 0.00 0.00 0.00 0.00 0.80 0.86 1.40 1.28 0.17 0.18 -0.53
Chair 0.00 0 0.00 0.00 0.00 0.00 0.00 0.78 0.67 0.67 -0.85 0.14 1.00 -3.71
Chair 0.00 0 0.00 0.00 0.00 0.00 0.00 0.43 0.64 0.67 -0.66 0.32 2.40 -1.33
Couch 0.00 0 0.00 0.00 0.00 0.00 0.00 0.93 1.00 1.68 -0.17 0.56 3.82 -3.03
Chair 0.00 0 0.00 0.00 0.00 0.00 0.00 1.01 0.92 0.79 -1.94 0.25 3.23 0.47
Table 0.00 0 0.00 0.00 0.00 0.00 0.00 0.57 1.19 0.56 -0.39 0.31 2.94 -4.59
