Person 0.00 0 0.00 0.00 0.00 0.00 0.00 1.85 0.78 0.85 -0.66 0.31 -2.10 -0.58
Person 0.00 0 0.00 0.00 0.00 0.00 0.00 1.85 0.82 0.63 -1.36 0.29 1.98 0.49
Couch 0.00 0 0.00 0.00 0.00 0.00 0.00 1.17 1.24 2.23 -0.40 0.37 2.69 -2.94
Chair 0.00 0 0.00 0.00 0.00 0.00 0.00 0.94 0.78 0.72 -2.26 0.34 0.11 -1.40
Chair 0.00 0 0.00 0.00 0.00 0.00 0.00 0.87 0.72 0.88 -2.34 0.34 -1.23 -1.44
Table 0.00 0 0.00 0.00 0.00 0.00 0.00 0.80 0.86 1.40 -3.67 0.31 -2.91 -4.58
Chair 0.00 0 0.00 0.00 0.00 0.00 0.00 0.92 0.79 0.62 -1.66 0.29 -1.74 -1.42
Chair 0.00 0 0.00 0.00 0.00 0.00 0.00 0.95 0.67 0.67 -0.91 0.34 -1.62 -2.71
Chair 0.00 0 0.00 0.00 0.00 0.00 0.00 0.43 0.64 0.67 -0.71 0.30 -2.68 0.91
Couch 0.00 0 0.00 0.00 0.00 0.00 0.00 0.93 1.02 1.83 0.26 0.24 -3.66 -0.74
Chair 0.00 0 0.00 0.00 0.00 0.00 0.00 0.88 0.68 0.64 0.53 0.27 -0.10 -3.02
Couch 0.00 0 0.00 0.00 0.00 0.00 0.00 0.91 0.81 1.28 0.74 0.30 0.76 -4.56
Table 0.00 0 0.00 0.00 0.00 0.00 0.00 0.60 1.18 0.59 -0.41 0.28 -3.07 -2.30
