Person 0.00 0 0.00 0.00 0.00 0.00 0.00 1.78 0.82 0.73 -0.15 0.43 -1.30 -1.99
Person 0.00 0 0.00 0.00 0.00 0.00 0.00 1.81 0.82 0.66 -2.96 0.38 2.09 0.03
Couch 0.00 0 0.00 0.00 0.00 0.00 0.00 1.17 1.24 2.23 -2.02 0.45 3.46 -3.45
Chair 0.00 0 0.00 0.00 0.00 0.00 0.00 0.94 0.77 0.72 -2.43 0.48 0.30 -1.94
Chair 0.00 0 0.00 0.00 0.00 0.00 0.00 0.87 0.72 0.86 -1.85 0.41 -0.95 -1.93
Table 0.00 0 0.00 0.00 0.00 0.00 0.00 0.80 0.86 1.40 -2.24 0.31 -3.09 1.22
Chair 0.00 0 0.00 0.00 0.00 0.00 0.00 0.92 0.72 0.67 -1.07 0.36 -1.01 -1.88
Chair 0.00 0 0.00 0.00 0.00 0.00 0.00 0.89 0.67 0.67 -0.41 0.36 -0.57 -2.91
Chair 0.00 0 0.00 0.00 0.00 0.00 0.00 0.43 0.64 0.67 0.23 0.26 -1.45 0.20
Couch 0.00 0 0.00 0.00 0.00 0.00 0.00 0.93 1.02 1.83 1.51 0.30 -1.85 -1.31
Chair 0.00 0 0.00 0.00 0.00 0.00 0.00 1.15 0.92 0.79 1.17 0.25 -0.41 -4.42
Table 0.00 0 0.00 0.00 0.00 0.00 0.00 0.60 1.18 0.59 0.66 0.28 -1.67 -2.96
