Person 0.00 0 0.00 0.00 0.00 0.00 0.00 1.77 0.86 0.78 -3.21 0.37 -0.37 -0.32
Person 0.00 0 0.00 0.00 0.00 0.00 0.00 1.76 0.89 0.78 -1.57 0.21 -0.67 -1.35
Couch 0.00 0 0.00 0.00 0.00 0.00 0.00 1.17 1.24 2.23 -4.74 0.66 1.96 1.54
Chair 0.00 0 0.00 0.00 0.00 0.00 0.00 0.75 0.67 0.63 -0.93 0.20 0.20 -3.26
Chair 0.00 0 0.00 0.00 0.00 0.00 0.00 0.94 0.67 0.59 -2.31 0.21 0.23 -3.09
Chair 0.00 0 0.00 0.00 0.00 0.00 0.00 0.94 0.77 0.63 -1.76 0.23 0.72 -3.10
Chair 0.00 0 0.00 0.00 0.00 0.00 0.00 0.78 0.67 0.71 -0.41 0.21 0.81 -3.19
Table 0.00 0 0.00 0.00 0.00 0.00 0.00 0.80 0.86 1.40 1.41 0.13 -0.09 -0.04
Chair 0.00 0 0.00 0.00 0.00 0.00 0.00 0.43 0.58 0.67 0.63 0.23 2.76 -0.87
Couch 0.00 0 0.00 0.00 0.00 0.00 0.00 0.93 1.00 1.68 1.67 0.43 3.72 -2.59
Chair 0.00 0 0.00 0.00 0.00 0.00 0.00 1.01 0.92 0.79 -0.19 0.36 4.08 1.33
Table 0.00 0 0.00 0.00 0.00 0.00 0.00 0.57 1.19 0.56 1.03 0.25 3.09 -4.10
