Person 0.00 0 0.00 0.00 0.00 0.00 0.00 1.78 0.81 0.68 -0.34 0.28 -1.43 -1.11
Person 0.00 0 0.00 0.00 0.00 0.00 0.00 1.81 0.82 0.66 -3.44 0.45 1.18 -0.16
Couch 0.00 0 0.00 0.00 0.00 0.00 0.00 1.17 1.24 2.23 -2.54 0.48 3.24 -3.57
Chair 0.00 0 0.00 0.00 0.00 0.00 0.00 0.94 0.77 0.72 -2.57 0.32 0.10 -2.06
Chair 0.00 0 0.00 0.00 0.00 0.00 0.00 0.87 0.67 0.86 -1.77 0.30 -1.05 -2.09
Table 0.00 0 0.00 0.00 0.00 0.00 0.00 0.80 0.86 1.40 -1.95 0.26 -3.14 1.08
Chair 0.00 0 0.00 0.00 0.00 0.00 0.00 0.92 0.72 0.67 -0.92 0.33 -1.03 -2.03
Chair 0.00 0 0.00 0.00 0.00 0.00 0.00 0.85 0.67 0.67 -0.38 0.26 -0.48 -2.92
Chair 0.00 0 0.00 0.00 0.00 0.00 0.00 0.43 0.64 0.67 0.32 0.27 -1.24 0.34
Couch 0.00 0 0.00 0.00 0.00 0.00 0.00 0.93 1.02 1.83 1.80 0.33 -1.51 -1.40
Chair 0.00 0 0.00 0.00 0.00 0.00 0.00 1.15 0.92 0.79 1.22 0.40 0.04 -3.98
Table 0.00 0 0.00 0.00 0.00 0.00 0.00 0.60 1.18 0.59 0.84 0.28 -1.47 -2.97
