Person 0.00 0 0.00 0.00 0.00 0.00 0.00 1.81 0.86 0.68 -1.64 0.34 -2.19 -1.33
Person 0.00 0 0.00 0.00 0.00 0.00 0.00 1.74 0.72 0.44 -0.82 0.25 -1.76 -1.58
Couch 0.00 0 0.00 0.00 0.00 0.00 0.00 1.17 1.24 2.23 -5.21 0.49 -0.82 1.16
Chair 0.00 0 0.00 0.00 0.00 0.00 0.00 0.75 0.61 0.62 -0.99 0.14 -0.94 -3.65
Chair 0.00 0 0.00 0.00 0.00 0.00 0.00 0.94 0.77 0.63 -1.83 0.41 -0.85 -3.62
Chair 0.00 0 0.00 0.00 0.00 0.00 0.00 0.78 0.67 0.67 -0.64 0.17 -0.09 -3.58
Table 0.00 0 0.00 0.00 0.00 0.00 0.00 0.80 0.86 1.40 1.32 0.17 -0.30 -0.49
Chair 0.00 0 0.00 0.00 0.00 0.00 0.00 0.78 0.67 0.67 -0.74 0.20 0.65 -3.57
Chair 0.00 0 0.00 0.00 0.00 0.00 0.00 0.43 0.64 0.67 -0.55 0.26 1.95 -1.34
Couch 0.00 0 0.00 0.00 0.00 0.00 0.00 0.93 0.88 1.68 0.09 0.25 3.16 -2.93
Chair 0.00 0 0.00 0.00 0.00 0.00 0.00 1.01 0.92 0.79 -1.79 0.41 2.83 0.68
Table 0.00 0 0.00 0.00 0.00 0.00 0.00 0.57 1.19 0.56 -0.26 0.27 2.45 -4.49
