Person 0.00 0 0.00 0.00 0.00 0.00 0.00 1.85 0.94 0.80 -0.91 0.35 -1.49 -1.27
Person 0.00 0 0.00 0.00 0.00 0.00 0.00 1.85 0.82 0.63 -1.12 0.37 2.79 0.73
Couch 0.00 0 0.00 0.00 0.00 0.00 0.00 1.17 1.24 2.23 -0.02 0.40 3.48 -2.87
Chair 0.00 0 0.00 0.00 0.00 0.00 0.00 0.94 0.77 0.72 -2.08 0.35 0.99 -1.36
Chair 0.00 0 0.00 0.00 0.00 0.00 0.00 0.87 0.72 0.86 -2.29 0.29 -0.39 -1.34
Chair 0.00 0 0.00 0.00 0.00 0.00 0.00 0.92 0.74 0.62 -1.64 0.41 -0.88 -1.29
Chair 0.00 0 0.00 0.00 0.00 0.00 0.00 0.89 0.67 0.67 -0.84 0.37 -0.82 -2.73
Chair 0.00 0 0.00 0.00 0.00 0.00 0.00 0.43 0.64 0.67 -0.76 0.24 -1.89 0.93
Couch 0.00 0 0.00 0.00 0.00 0.00 0.00 0.93 1.02 1.83 0.17 0.26 -2.97 -0.71
Couch 0.00 0 0.00 0.00 0.00 0.00 0.00 0.91 0.81 1.28 0.80 0.17 1.54 -4.43
Table 0.00 0 0.00 0.00 0.00 0.00 0.00 0.60 1.18 0.59 -0.52 0.28 -2.37 -2.26
