Person 0.00 0 0.00 0.00 0.00 0.00 0.00 1.81 0.73 0.68 -1.12 0.31 -2.45 -1.25
Person 0.00 0 0.00 0.00 0.00 0.00 0.00 1.76 0.77 0.49 -1.69 0.35 -1.96 -0.67
Couch 0.00 0 0.00 0.00 0.00 0.00 0.00 1.17 1.24 2.23 -5.31 0.48 -0.41 1.44
Chair 0.00 0 0.00 0.00 0.00 0.00 0.00 0.75 0.65 0.62 -1.33 0.09 -1.53 -3.31
Chair 0.00 0 0.00 0.00 0.00 0.00 0.00 0.94 0.77 0.72 -2.12 0.30 -1.34 -3.30
Chair 0.00 0 0.00 0.00 0.00 0.00 0.00 0.78 0.67 0.67 -0.88 0.16 -0.79 -3.33
Table 0.00 0 0.00 0.00 0.00 0.00 0.00 0.80 0.86 1.40 1.02 0.20 -1.49 -0.18
Chair 0.00 0 0.00 0.00 0.00 0.00 0.00 0.78 0.72 0.67 -0.71 0.20 -0.02 -3.33
Chair 0.00 0 0.00 0.00 0.00 0.00 0.00 0.78 0.67 0.67 -1.10 0.20 0.60 -4.55
Chair 0.00 0 0.00 0.00 0.00 0.00 0.00 0.43 0.64 0.67 -0.18 0.21 1.14 -1.06
Couch 0.00 0 0.00 0.00 0.00 0.00 0.00 0.93 0.88 1.68 0.69 0.25 2.27 -2.69
Chair 0.00 0 0.00 0.00 0.00 0.00 0.00 1.01 0.92 0.79 -1.28 0.37 2.47 1.34
Table 0.00 0 0.00 0.00 0.00 0.00 0.00 0.57 1.19 0.56 0.24 0.15 1.55 -4.29
