Person 0.00 0 0.00 0.00 0.00 0.00 0.00 1.72 0.92 0.68 -3.00 0.38 -0.57 -0.50
Person 0.00 0 0.00 0.00 0.00 0.00 0.00 1.74 0.82 0.43 -1.46 0.27 -0.90 -0.51
Couch 0.00 0 0.00 0.00 0.00 0.00 0.00 1.17 1.24 2.23 -4.81 0.80 1.74 1.46
Chair 0.00 0 0.00 0.00 0.00 0.00 0.00 0.75 0.67 0.63 -0.91 0.17 0.15 -3.23
Chair 0.00 0 0.00 0.00 0.00 0.00 0.00 0.94 0.77 0.63 -1.83 0.17 0.61 -3.25
Chair 0.00 0 0.00 0.00 0.00 0.00 0.00 0.78 0.67 0.67 -0.43 0.18 0.73 -3.25
Table 0.00 0 0.00 0.00 0.00 0.00 0.00 0.80 0.86 1.40 1.41 0.13 -0.06 -0.11
Chair 0.00 0 0.00 0.00 0.00 0.00 0.00 0.43 0.64 0.67 0.50 0.27 2.74 -0.93
Couch 0.00 0 0.00 0.00 0.00 0.00 0.00 0.93 1.00 1.68 1.40 0.38 3.77 -2.63
Chair 0.00 0 0.00 0.00 0.00 0.00 0.00 1.01 0.92 0.79 -0.40 0.39 4.07 1.07
Table 0.00 0 0.00 0.00 0.00 0.00 0.00 0.57 1.19 0.56 0.84 0.27 3.11 -4.20
