Person 0.00 0 0.00 0.00 0.00 0.00 0.00 1.85 0.78 0.85 -0.10 0.34 -2.09 -1.59
Person 0.00 0 0.00 0.00 0.00 0.00 0.00 1.85 0.82 0.63 -2.09 0.29 1.71 0.56
Couch 0.00 0 0.00 0.00 0.00 0.00 0.00 1.17 1.24 2.23 -1.32 0.38 2.59 -3.24
Chair 0.00 0 0.00 0.00 0.00 0.00 0.00 0.94 0.78 0.69 -2.30 0.37 -0.46 -1.74
Chair 0.00 0 0.00 0.00 0.00 0.00 0.00 0.87 0.72 0.88 -1.96 0.33 -1.93 -1.79
Table 0.00 0 0.00 0.00 0.00 0.00 0.00 0.80 0.86 1.40 -2.52 0.27 -3.85 1.36
Chair 0.00 0 0.00 0.00 0.00 0.00 0.00 0.92 0.74 0.62 -1.03 0.34 -1.99 -1.77
Chair 0.00 0 0.00 0.00 0.00 0.00 0.00 0.95 0.67 0.67 -0.36 0.39 -1.59 -2.94
Chair 0.00 0 0.00 0.00 0.00 0.00 0.00 0.43 0.64 0.67 0.22 0.24 -2.48 0.55
Couch 0.00 0 0.00 0.00 0.00 0.00 0.00 0.93 1.02 1.83 1.43 0.25 -3.16 -1.11
Chair 0.00 0 0.00 0.00 0.00 0.00 0.00 0.88 0.68 0.59 0.46 0.17 0.36 -3.33
Couch 0.00 0 0.00 0.00 0.00 0.00 0.00 0.91 0.81 1.28 0.29 0.37 1.31 1.40
Table 0.00 0 0.00 0.00 0.00 0.00 0.00 0.60 1.18 0.59 0.60 0.28 -2.86 -2.65
