Person 0.00 0 0.00 0.00 0.00 0.00 0.00 1.81 0.86 0.68 -1.76 0.40 -2.00 -1.00
Person 0.00 0 0.00 0.00 0.00 0.00 0.00 1.74 0.82 0.49 -0.86 0.24 -1.59 -1.40
Couch 0.00 0 0.00 0.00 0.00 0.00 0.00 1.17 1.24 2.23 -5.13 0.52 -0.81 1.11
Chair 0.00 0 0.00 0.00 0.00 0.00 0.00 0.75 0.61 0.62 -0.98 0.15 -0.67 -3.63
Chair 0.00 0 0.00 0.00 0.00 0.00 0.00 0.94 0.77 0.63 -1.80 0.30 -0.71 -3.59
Chair 0.00 0 0.00 0.00 0.00 0.00 0.00 0.78 0.67 0.67 -0.66 0.18 0.09 -3.60
Table 0.00 0 0.00 0.00 0.00 0.00 0.00 0.80 0.86 1.40 1.32 0.17 0.06 -0.54
Chair 0.00 0 0.00 0.00 0.00 0.00 0.00 0.78 0.67 0.67 -0.85 0.16 0.91 -3.57
Chair 0.00 0 0.00 0.00 0.00 0.00 0.00 0.43 0.64 0.67 -0.62 0.28 2.23 -1.40
Couch 0.00 0 0.00 0.00 0.00 0.00 0.00 0.93 1.00 1.68 -0.16 0.40 3.60 -3.01
Chair 0.00 0 0.00 0.00 0.00 0.00 0.00 1.01 0.92 0.79 -2.02 0.27 3.05 0.56
Table 0.00 0 0.00 0.00 0.00 0.00 0.00 0.57 1.19 0.56 -0.33 0.29 2.74 -4.56
