Person 0.00 0 0.00 0.00 0.00 0.00 0.00 1.85 0.59 0.73 -1.00 0.30 -2.12 -0.78
Person 0.00 0 0.00 0.00 0.00 0.00 0.00 1.85 0.81 0.68 -0.85 0.35 1.91 0.54
Couch 0.00 0 0.00 0.00 0.00 0.00 0.00 1.17 1.24 2.23 0.48 0.35 2.20 -2.68
Chair 0.00 0 0.00 0.00 0.00 0.00 0.00 0.94 0.78 0.72 -2.16 0.33 0.31 -1.06
Chair 0.00 0 0.00 0.00 0.00 0.00 0.00 0.92 0.79 0.62 -2.14 0.40 -1.64 -1.08
Chair 0.00 0 0.00 0.00 0.00 0.00 0.00 0.95 0.67 0.67 -1.38 0.40 -1.66 -2.09
Chair 0.00 0 0.00 0.00 0.00 0.00 0.00 0.43 0.64 0.67 -1.48 0.29 -2.76 1.22
Couch 0.00 0 0.00 0.00 0.00 0.00 0.00 0.93 1.02 1.83 -0.97 0.43 -4.04 -0.56
Chair 0.00 0 0.00 0.00 0.00 0.00 0.00 0.88 0.68 0.64 0.48 0.18 -0.73 -2.73
Couch 0.00 0 0.00 0.00 0.00 0.00 0.00 0.91 0.81 1.28 0.85 0.16 0.15 -4.26
Table 0.00 0 0.00 0.00 0.00 0.00 0.00 0.64 1.24 0.57 -1.37 0.40 -3.30 -2.07
