Person 0.00 0 0.00 0.00 0.00 0.00 0.00 1.78 0.81 0.77 -0.72 0.23 -1.46 -0.72
Couch 0.00 0 0.00 0.00 0.00 0.00 0.00 1.17 1.24 2.23 -2.26 0.49 3.59 -3.56
Chair 0.00 0 0.00 0.00 0.00 0.00 0.00 0.83 0.65 0.62 -2.56 0.26 -0.35 -1.91
Chair 0.00 0 0.00 0.00 0.00 0.00 0.00 0.94 0.77 0.72 -2.42 0.34 0.57 -1.89
Chair 0.00 0 0.00 0.00 0.00 0.00 0.00 0.87 0.67 0.86 -1.84 0.30 -0.79 -1.91
Table 0.00 0 0.00 0.00 0.00 0.00 0.00 0.80 0.86 1.40 -2.25 0.32 -2.73 1.23
Chair 0.00 0 0.00 0.00 0.00 0.00 0.00 0.92 0.72 0.67 -1.07 0.27 -0.74 -1.92
Chair 0.00 0 0.00 0.00 0.00 0.00 0.00 0.85 0.67 0.67 -0.49 0.28 -0.33 -3.15
Chair 0.00 0 0.00 0.00 0.00 0.00 0.00 0.43 0.64 0.67 0.23 0.27 -1.18 0.35
Couch 0.00 0 0.00 0.00 0.00 0.00 0.00 0.93 0.88 1.76 1.53 0.35 -1.64 -1.21
Chair 0.00 0 0.00 0.00 0.00 0.00 0.00 1.15 0.92 0.79 1.31 0.38 -0.02 -3.42
Table 0.00 0 0.00 0.00 0.00 0.00 0.00 0.60 1.19 0.56 0.77 0.28 -1.38 -2.86
