Person 0.00 0 0.00 0.00 0.00 0.00 0.00 1.78 0.82 0.80 -0.45 0.15 -1.52 -1.25
Person 0.00 0 0.00 0.00 0.00 0.00 0.00 1.81 0.82 0.66 -2.28 0.32 2.38 0.43
Couch 0.00 0 0.00 0.00 0.00 0.00 0.00 1.17 1.24 2.23 -1.28 0.42 3.59 -3.26
Chair 0.00 0 0.00 0.00 0.00 0.00 0.00 0.94 0.77 0.72 -2.33 0.24 0.42 -1.70
Chair 0.00 0 0.00 0.00 0.00 0.00 0.00 0.87 0.72 0.86 -2.13 0.27 -0.95 -1.70
Table 0.00 0 0.00 0.00 0.00 0.00 0.00 0.80 0.86 1.40 -2.65 0.39 -2.93 1.33
Chair 0.00 0 0.00 0.00 0.00 0.00 0.00 0.92 0.72 0.67 -1.35 0.16 -1.07 -1.77
Chair 0.00 0 0.00 0.00 0.00 0.00 0.00 0.89 0.67 0.67 -0.56 0.24 -0.73 -2.78
Chair 0.00 0 0.00 0.00 0.00 0.00 0.00 0.43 0.64 0.67 0.00 0.25 -1.69 0.51
Couch 0.00 0 0.00 0.00 0.00 0.00 0.00 0.93 1.02 1.83 1.12 0.28 -2.36 -1.16
Table 0.00 0 0.00 0.00 0.00 0.00 0.00 0.60 1.18 0.59 0.39 0.28 -2.07 -2.74
