Person 0.00 0 0.00 0.00 0.00 0.00 0.00 1.78 0.82 0.73 -0.16 0.40 -1.31 -1.46
Person 0.00 0 0.00 0.00 0.00 0.00 0.00 1.81 0.82 0.66 -2.82 0.37 2.31 0.11
Couch 0.00 0 0.00 0.00 0.00 0.00 0.00 1.17 1.24 2.23 -1.89 0.44 3.48 -3.42
Chair 0.00 0 0.00 0.00 0.00 0.00 0.00 0.87 0.72 0.86 -1.90 0.43 -0.92 -1.92
Table 0.00 0 0.00 0.00 0.00 0.00 0.00 0.80 0.86 1.40 -2.40 0.32 -3.01 1.23
Chair 0.00 0 0.00 0.00 0.00 0.00 0.00 0.92 0.72 0.67 -1.11 0.41 -1.07 -1.89
Chair 0.00 0 0.00 0.00 0.00 0.00 0.00 0.89 0.67 0.67 -0.42 0.20 -0.60 -2.76
Chair 0.00 0 0.00 0.00 0.00 0.00 0.00 0.43 0.64 0.67 0.20 0.26 -1.49 0.32
Couch 0.00 0 0.00 0.00 0.00 0.00 0.00 0.93 1.02 1.83 1.48 0.30 -2.06 -1.29
Table 0.00 0 0.00 0.00 0.00 0.00 0.00 0.60 1.18 0.59 0.59 0.28 -1.75 -2.81
