Person 0.00 0 0.00 0.00 0.00 0.00 0.00 1.85 0.59 0.73 -1.04 0.30 -2.14 -1.14
Person 0.00 0 0.00 0.00 0.00 0.00 0.00 1.85 0.81 0.68 -0.73 0.35 1.85 0.79
Couch 0.00 0 0.00 0.00 0.00 0.00 0.00 1.17 1.24 2.23 0.59 0.35 2.02 -2.64
Chair 0.00 0 0.00 0.00 0.00 0.00 0.00 0.94 0.78 0.72 -2.19 0.28 0.20 -1.05
Chair 0.00 0 0.00 0.00 0.00 0.00 0.00 0.92 0.79 0.62 -2.17 0.39 -1.68 -1.00
Chair 0.00 0 0.00 0.00 0.00 0.00 0.00 0.95 0.67 0.67 -1.48 0.42 -1.77 -2.02
Chair 0.00 0 0.00 0.00 0.00 0.00 0.00 0.43 0.64 0.67 -1.66 0.32 -2.86 1.29
Couch 0.00 0 0.00 0.00 0.00 0.00 0.00 0.93 1.02 1.83 -1.19 0.48 -4.14 -0.47
Chair 0.00 0 0.00 0.00 0.00 0.00 0.00 0.88 0.68 0.64 0.45 0.22 -0.93 -2.58
Couch 0.00 0 0.00 0.00 0.00 0.00 0.00 0.91 0.81 1.28 0.92 0.16 -0.02 -4.21
Table 0.00 0 0.00 0.00 0.00 0.00 0.00 0.64 1.24 0.57 -1.63 0.40 -3.45 -2.03
