Person 0.00 0 0.00 0.00 0.00 0.00 0.00 1.77 0.86 0.78 -3.24 0.35 -0.21 -0.25
Person 0.00 0 0.00 0.00 0.00 0.00 0.00 1.76 0.89 0.78 -1.59 0.22 -0.60 -1.27
Couch 0.00 0 0.00 0.00 0.00 0.00 0.00 1.17 1.24 2.23 -4.62 0.63 2.30 -4.56
Chair 0.00 0 0.00 0.00 0.00 0.00 0.00 0.75 0.67 0.63 -0.90 0.18 0.29 -3.26
Chair 0.00 0 0.00 0.00 0.00 0.00 0.00 0.88 0.65 0.59 -2.35 0.24 0.36 -3.19
Chair 0.00 0 0.00 0.00 0.00 0.00 0.00 0.94 0.77 0.63 -1.68 0.24 0.67 -3.12
Chair 0.00 0 0.00 0.00 0.00 0.00 0.00 0.78 0.67 0.69 -0.37 0.18 0.85 -3.25
Table 0.00 0 0.00 0.00 0.00 0.00 0.00 0.80 0.86 1.40 1.43 0.14 -0.11 -0.01
Chair 0.00 0 0.00 0.00 0.00 0.00 0.00 0.43 0.58 0.67 0.78 0.22 2.76 -0.86
Couch 0.00 0 0.00 0.00 0.00 0.00 0.00 0.93 1.00 1.68 1.77 0.45 3.74 -2.52
Chair 0.00 0 0.00 0.00 0.00 0.00 0.00 1.01 0.92 0.79 0.05 0.40 4.17 1.48
Table 0.00 0 0.00 0.00 0.00 0.00 0.00 0.57 1.19 0.56 1.21 0.25 3.11 -4.09
