Person 0.00 0 0.00 0.00 0.00 0.00 0.00 1.78 0.82 0.73 -0.16 0.41 -1.33 -1.57
Person 0.00 0 0.00 0.00 0.00 0.00 0.00 1.81 0.82 0.66 -2.86 0.37 2.24 0.08
Couch 0.00 0 0.00 0.00 0.00 0.00 0.00 1.17 1.24 2.23 -1.93 0.45 3.47 -3.43
Chair 0.00 0 0.00 0.00 0.00 0.00 0.00 0.94 0.77 0.72 -2.43 0.33 0.30 -1.86
Chair 0.00 0 0.00 0.00 0.00 0.00 0.00 0.87 0.72 0.86 -1.87 0.42 -0.91 -1.93
Table 0.00 0 0.00 0.00 0.00 0.00 0.00 0.80 0.86 1.40 -2.39 0.29 -3.01 1.25
Chair 0.00 0 0.00 0.00 0.00 0.00 0.00 0.92 0.72 0.67 -1.07 0.39 -1.05 -1.93
Chair 0.00 0 0.00 0.00 0.00 0.00 0.00 0.89 0.67 0.67 -0.42 0.23 -0.60 -2.81
Chair 0.00 0 0.00 0.00 0.00 0.00 0.00 0.43 0.64 0.67 0.21 0.26 -1.48 0.30
Couch 0.00 0 0.00 0.00 0.00 0.00 0.00 0.93 1.02 1.83 1.49 0.30 -2.09 -1.30
Table 0.00 0 0.00 0.00 0.00 0.00 0.00 0.60 1.18 0.59 0.59 0.28 -1.72 -2.84
