Person 0.00 0 0.00 0.00 0.00 0.00 0.00 1.81 0.86 0.68 -1.67 0.36 -2.14 -1.28
Person 0.00 0 0.00 0.00 0.00 0.00 0.00 1.74 0.70 0.40 -0.81 0.25 -1.70 -1.61
Couch 0.00 0 0.00 0.00 0.00 0.00 0.00 1.17 1.24 2.23 -5.23 0.50 -0.74 1.15
Chair 0.00 0 0.00 0.00 0.00 0.00 0.00 0.75 0.61 0.62 -0.99 0.14 -0.88 -3.65
Chair 0.00 0 0.00 0.00 0.00 0.00 0.00 0.94 0.77 0.63 -1.82 0.38 -0.81 -3.57
Chair 0.00 0 0.00 0.00 0.00 0.00 0.00 0.78 0.67 0.67 -0.65 0.17 -0.04 -3.59
Table 0.00 0 0.00 0.00 0.00 0.00 0.00 0.80 0.86 1.40 1.33 0.16 -0.16 -0.49
Chair 0.00 0 0.00 0.00 0.00 0.00 0.00 0.78 0.67 0.67 -0.77 0.18 0.70 -3.57
Chair 0.00 0 0.00 0.00 0.00 0.00 0.00 0.43 0.64 0.67 -0.56 0.25 2.02 -1.31
Couch 0.00 0 0.00 0.00 0.00 0.00 0.00 0.93 0.88 1.68 -0.00 0.25 3.26 -2.98
Chair 0.00 0 0.00 0.00 0.00 0.00 0.00 1.01 0.92 0.79 -1.83 0.41 2.87 0.65
Table 0.00 0 0.00 0.00 0.00 0.00 0.00 0.57 1.19 0.56 -0.33 0.27 2.51 -4.53
