Person 0.00 0 0.00 0.00 0.00 0.00 0.00 1.77 0.86 0.78 -3.39 0.37 0.57 -0.29
Person 0.00 0 0.00 0.00 0.00 0.00 0.00 1.76 0.89 0.78 -1.81 0.26 -0.20 -0.77
Couch 0.00 0 0.00 0.00 0.00 0.00 0.00 1.17 1.24 2.23 -4.02 0.49 3.15 -4.58
Chair 0.00 0 0.00 0.00 0.00 0.00 0.00 0.75 0.67 0.63 -0.77 0.19 0.60 -3.05
Chair 0.00 0 0.00 0.00 0.00 0.00 0.00 0.94 0.67 0.59 -2.19 0.29 0.85 -2.97
Chair 0.00 0 0.00 0.00 0.00 0.00 0.00 0.94 0.77 0.63 -1.59 0.30 1.20 -3.10
Chair 0.00 0 0.00 0.00 0.00 0.00 0.00 0.78 0.67 0.63 -0.13 0.17 1.04 -3.12
Table 0.00 0 0.00 0.00 0.00 0.00 0.00 0.80 0.86 1.40 1.45 0.19 -0.22 0.12
Chair 0.00 0 0.00 0.00 0.00 0.00 0.00 0.48 0.58 0.67 1.22 0.26 2.67 -0.72
Couch 0.00 0 0.00 0.00 0.00 0.00 0.00 0.93 1.12 1.68 2.42 0.36 3.50 -2.35
Table 0.00 0 0.00 0.00 0.00 0.00 0.00 0.57 1.19 0.56 1.69 0.26 2.94 -3.94
