Person 0.00 0 0.00 0.00 0.00 0.00 0.00 1.78 0.82 0.73 -0.19 0.37 -1.35 -1.14
Person 0.00 0 0.00 0.00 0.00 0.00 0.00 1.81 0.82 0.66 -2.81 0.36 2.19 0.17
Couch 0.00 0 0.00 0.00 0.00 0.00 0.00 1.17 1.24 2.23 -1.80 0.44 3.49 -3.40
Chair 0.00 0 0.00 0.00 0.00 0.00 0.00 0.94 0.77 0.72 -2.47 0.21 0.23 -1.84
Chair 0.00 0 0.00 0.00 0.00 0.00 0.00 0.87 0.72 0.86 -1.92 0.44 -0.98 -1.87
Table 0.00 0 0.00 0.00 0.00 0.00 0.00 0.80 0.86 1.40 -2.46 0.33 -2.99 1.27
Chair 0.00 0 0.00 0.00 0.00 0.00 0.00 0.92 0.72 0.67 -1.16 0.44 -1.10 -1.81
Chair 0.00 0 0.00 0.00 0.00 0.00 0.00 0.89 0.67 0.67 -0.43 0.32 -0.67 -2.98
Chair 0.00 0 0.00 0.00 0.00 0.00 0.00 0.43 0.64 0.67 0.14 0.25 -1.53 0.53
Couch 0.00 0 0.00 0.00 0.00 0.00 0.00 0.93 1.02 1.83 1.46 0.29 -2.11 -1.28
Table 0.00 0 0.00 0.00 0.00 0.00 0.00 0.60 1.18 0.59 0.56 0.28 -1.88 -2.85
