Person 0.00 0 0.00 0.00 0.00 0.00 0.00 1.77 0.77 0.81 -3.71 0.42 0.24 -0.51
Person 0.00 0 0.00 0.00 0.00 0.00 0.00 1.76 0.89 0.78 -1.88 0.24 -0.64 -0.29
Couch 0.00 0 0.00 0.00 0.00 0.00 0.00 1.17 1.24 2.23 -4.40 0.57 2.47 -4.62
Chair 0.00 0 0.00 0.00 0.00 0.00 0.00 0.75 0.67 0.63 -0.81 0.20 0.20 -3.04
Chair 0.00 0 0.00 0.00 0.00 0.00 0.00 0.94 0.67 0.59 -2.33 0.27 0.35 -3.22
Chair 0.00 0 0.00 0.00 0.00 0.00 0.00 0.94 0.77 0.63 -1.63 0.19 0.67 -3.21
Chair 0.00 0 0.00 0.00 0.00 0.00 0.00 0.78 0.67 0.63 -0.07 0.20 0.67 -3.01
Table 0.00 0 0.00 0.00 0.00 0.00 0.00 0.80 0.86 1.40 1.43 0.17 -0.49 0.08
Chair 0.00 0 0.00 0.00 0.00 0.00 0.00 0.48 0.58 0.67 1.08 0.20 2.45 -0.78
Table 0.00 0 0.00 0.00 0.00 0.00 0.00 0.58 1.19 0.56 1.54 0.21 2.69 -3.99
