Person 0.00 0 0.00 0.00 0.00 0.00 0.00 1.78 0.84 0.66 -0.86 0.37 -2.00 -1.42
Person 0.00 0 0.00 0.00 0.00 0.00 0.00 1.78 0.71 0.78 -2.82 0.44 -1.55 -0.55
Couch 0.00 0 0.00 0.00 0.00 0.00 0.00 1.17 1.24 2.23 -4.88 0.62 1.48 -4.40
Chair 0.00 0 0.00 0.00 0.00 0.00 0.00 0.83 0.65 0.62 -1.76 0.19 -1.34 -2.82
Chair 0.00 0 0.00 0.00 0.00 0.00 0.00 0.94 0.77 0.72 -2.47 0.34 -0.62 -2.87
Chair 0.00 0 0.00 0.00 0.00 0.00 0.00 0.78 0.67 0.72 -1.16 0.15 -0.93 -2.82
Table 0.00 0 0.00 0.00 0.00 0.00 0.00 0.80 0.86 1.40 0.29 0.24 -2.48 0.26
Chair 0.00 0 0.00 0.00 0.00 0.00 0.00 0.78 0.72 0.67 -0.62 0.20 -0.28 -2.84
Chair 0.00 0 0.00 0.00 0.00 0.00 0.00 0.78 0.67 0.67 -0.52 0.20 0.42 -4.07
Chair 0.00 0 0.00 0.00 0.00 0.00 0.00 0.43 0.64 0.67 0.47 0.15 0.45 -0.58
Couch 0.00 0 0.00 0.00 0.00 0.00 0.00 0.93 0.88 1.68 1.79 0.25 0.94 -2.16
Chair 0.00 0 0.00 0.00 0.00 0.00 0.00 1.01 0.92 0.79 0.03 0.19 1.98 1.12
Table 0.00 0 0.00 0.00 0.00 0.00 0.00 0.57 1.19 0.56 1.02 0.19 0.70 -3.74
