Person 0.00 0 0.00 0.00 0.00 0.00 0.00 1.78 0.81 0.77 -0.14 0.34 -1.33 -1.51
Person 0.00 0 0.00 0.00 0.00 0.00 0.00 1.81 0.82 0.66 -3.30 0.43 1.69 1.27
Couch 0.00 0 0.00 0.00 0.00 0.00 0.00 1.17 1.24 2.23 -2.26 0.47 3.40 -3.55
Chair 0.00 0 0.00 0.00 0.00 0.00 0.00 0.94 0.77 0.72 -2.58 0.36 0.28 -2.02
Chair 0.00 0 0.00 0.00 0.00 0.00 0.00 0.87 0.72 0.86 -1.86 0.35 -0.93 -1.99
Table 0.00 0 0.00 0.00 0.00 0.00 0.00 0.80 0.86 1.40 -2.08 0.26 -3.17 1.14
Chair 0.00 0 0.00 0.00 0.00 0.00 0.00 0.92 0.72 0.67 -1.07 0.30 -1.01 -1.93
Chair 0.00 0 0.00 0.00 0.00 0.00 0.00 0.85 0.67 0.67 -0.45 0.22 -0.50 -2.68
Chair 0.00 0 0.00 0.00 0.00 0.00 0.00 0.43 0.64 0.67 0.26 0.26 -1.32 0.40
Couch 0.00 0 0.00 0.00 0.00 0.00 0.00 0.93 1.02 1.83 1.62 0.31 -1.80 -1.37
Chair 0.00 0 0.00 0.00 0.00 0.00 0.00 1.15 0.92 0.79 1.16 0.21 -0.22 -4.29
Table 0.00 0 0.00 0.00 0.00 0.00 0.00 0.60 1.18 0.59 0.77 0.28 -1.59 -2.97
