Person 0.00 0 0.00 0.00 0.00 0.00 0.00 1.85 0.82 0.80 -0.53 0.36 -1.52 -1.33
Person 0.00 0 0.00 0.00 0.00 0.00 0.00 1.78 0.82 0.66 -2.16 0.35 2.32 0.58
Couch 0.00 0 0.00 0.00 0.00 0.00 0.00 1.17 1.24 2.23 -1.34 0.41 3.47 -3.30
Chair 0.00 0 0.00 0.00 0.00 0.00 0.00 0.94 0.77 0.72 -2.38 0.26 0.39 -1.72
Chair 0.00 0 0.00 0.00 0.00 0.00 0.00 0.87 0.72 0.86 -2.12 0.29 -1.03 -1.77
Table 0.00 0 0.00 0.00 0.00 0.00 0.00 0.80 0.86 1.40 -2.84 0.41 -2.86 1.42
Chair 0.00 0 0.00 0.00 0.00 0.00 0.00 0.92 0.74 0.62 -1.36 0.34 -1.01 -1.65
Chair 0.00 0 0.00 0.00 0.00 0.00 0.00 0.89 0.67 0.67 -0.60 0.27 -0.80 -2.80
Chair 0.00 0 0.00 0.00 0.00 0.00 0.00 0.43 0.64 0.67 -0.04 0.24 -1.76 0.52
Couch 0.00 0 0.00 0.00 0.00 0.00 0.00 0.93 1.02 1.83 1.20 0.27 -2.38 -1.09
Table 0.00 0 0.00 0.00 0.00 0.00 0.00 0.60 1.18 0.59 0.29 0.28 -2.11 -2.58
