Person 0.00 0 0.00 0.00 0.00 0.00 0.00 1.78 0.82 0.73 -0.15 0.44 -1.30 -1.81
Person 0.00 0 0.00 0.00 0.00 0.00 0.00 1.81 0.82 0.66 -2.91 0.38 2.19 0.05
Couch 0.00 0 0.00 0.00 0.00 0.00 0.00 1.17 1.24 2.23 -1.97 0.45 3.47 -3.44
Chair 0.00 0 0.00 0.00 0.00 0.00 0.00 0.94 0.77 0.72 -2.45 0.37 0.28 -1.95
Chair 0.00 0 0.00 0.00 0.00 0.00 0.00 0.87 0.72 0.86 -1.81 0.41 -0.92 -1.94
Table 0.00 0 0.00 0.00 0.00 0.00 0.00 0.80 0.86 1.40 -2.31 0.30 -3.02 1.23
Chair 0.00 0 0.00 0.00 0.00 0.00 0.00 0.92 0.72 0.67 -1.05 0.34 -1.02 -1.92
Chair 0.00 0 0.00 0.00 0.00 0.00 0.00 0.89 0.67 0.67 -0.42 0.27 -0.59 -2.86
Chair 0.00 0 0.00 0.00 0.00 0.00 0.00 0.43 0.64 0.67 0.22 0.26 -1.47 0.28
Couch 0.00 0 0.00 0.00 0.00 0.00 0.00 0.93 1.02 1.83 1.51 0.30 -2.01 -1.30
Chair 0.00 0 0.00 0.00 0.00 0.00 0.00 1.15 0.92 0.79 1.15 0.23 -0.46 -4.60
Table 0.00 0 0.00 0.00 0.00 0.00 0.00 0.60 1.18 0.59 0.65 0.28 -1.67 -2.88
