Person 0.00 0 0.00 0.00 0.00 0.00 0.00 1.84 0.73 0.82 -1.61 0.35 -1.96 -1.01
Person 0.00 0 0.00 0.00 0.00 0.00 0.00 1.76 0.76 0.54 -2.38 0.38 -1.32 -0.43
Couch 0.00 0 0.00 0.00 0.00 0.00 0.00 1.17 1.24 2.23 -4.98 0.55 1.46 -4.44
Chair 0.00 0 0.00 0.00 0.00 0.00 0.00 0.75 0.65 0.62 -1.82 0.09 -1.06 -2.90
Chair 0.00 0 0.00 0.00 0.00 0.00 0.00 0.94 0.77 0.72 -2.57 0.33 -0.60 -2.91
Chair 0.00 0 0.00 0.00 0.00 0.00 0.00 0.78 0.67 0.72 -1.16 0.16 -0.58 -2.90
Table 0.00 0 0.00 0.00 0.00 0.00 0.00 0.80 0.86 1.40 0.36 0.25 -2.00 0.18
Chair 0.00 0 0.00 0.00 0.00 0.00 0.00 0.78 0.72 0.67 -0.69 0.20 0.01 -2.96
Chair 0.00 0 0.00 0.00 0.00 0.00 0.00 0.78 0.67 0.67 -0.77 0.20 0.76 -4.09
Chair 0.00 0 0.00 0.00 0.00 0.00 0.00 0.43 0.64 0.67 0.31 0.20 0.95 -0.64
Couch 0.00 0 0.00 0.00 0.00 0.00 0.00 0.93 0.88 1.68 1.51 0.25 1.62 -2.30
Chair 0.00 0 0.00 0.00 0.00 0.00 0.00 1.01 0.92 0.79 -0.05 0.33 2.55 -4.64
Table 0.00 0 0.00 0.00 0.00 0.00 0.00 0.57 1.19 0.56 0.88 0.16 1.16 -3.88
