Person 0.00 0 0.00 0.00 0.00 0.00 0.00 1.78 0.82 0.73 -0.24 0.32 -1.48 -1.18
Person 0.00 0 0.00 0.00 0.00 0.00 0.00 1.81 0.82 0.66 -2.69 0.35 2.15 0.23
Couch 0.00 0 0.00 0.00 0.00 0.00 0.00 1.17 1.24 2.23 -1.71 0.44 3.50 -3.37
Chair 0.00 0 0.00 0.00 0.00 0.00 0.00 0.87 0.72 0.86 -1.94 0.46 -1.01 -1.84
Table 0.00 0 0.00 0.00 0.00 0.00 0.00 0.80 0.86 1.40 -2.49 0.34 -2.96 1.28
Chair 0.00 0 0.00 0.00 0.00 0.00 0.00 0.92 0.72 0.67 -1.12 0.48 -0.98 -1.90
Chair 0.00 0 0.00 0.00 0.00 0.00 0.00 0.89 0.67 0.67 -0.40 0.26 -0.68 -3.10
Chair 0.00 0 0.00 0.00 0.00 0.00 0.00 0.43 0.64 0.67 0.15 0.25 -1.61 0.41
Couch 0.00 0 0.00 0.00 0.00 0.00 0.00 0.93 1.02 1.83 1.44 0.29 -2.19 -1.20
Table 0.00 0 0.00 0.00 0.00 0.00 0.00 0.60 1.18 0.59 0.56 0.28 -1.92 -2.81
