Person 0.00 0 0.00 0.00 0.00 0.00 0.00 1.81 0.86 0.68 -1.66 0.37 -2.08 -1.18
Person 0.00 0 0.00 0.00 0.00 0.00 0.00 1.74 0.70 0.40 -0.82 0.26 -1.69 -1.66
Couch 0.00 0 0.00 0.00 0.00 0.00 0.00 1.17 1.24 2.23 -5.13 0.50 -0.68 1.14
Chair 0.00 0 0.00 0.00 0.00 0.00 0.00 0.75 0.61 0.62 -0.99 0.14 -0.81 -3.64
Chair 0.00 0 0.00 0.00 0.00 0.00 0.00 0.94 0.77 0.63 -1.77 0.35 -0.79 -3.58
Chair 0.00 0 0.00 0.00 0.00 0.00 0.00 0.78 0.67 0.67 -0.65 0.18 0.00 -3.59
Table 0.00 0 0.00 0.00 0.00 0.00 0.00 0.80 0.86 1.40 1.34 0.14 -0.06 -0.50
Chair 0.00 0 0.00 0.00 0.00 0.00 0.00 0.78 0.67 0.67 -0.79 0.18 0.80 -3.57
Chair 0.00 0 0.00 0.00 0.00 0.00 0.00 0.43 0.64 0.67 -0.57 0.24 2.09 -1.34
Couch 0.00 0 0.00 0.00 0.00 0.00 0.00 0.93 0.88 1.68 -0.08 0.25 3.40 -2.99
Chair 0.00 0 0.00 0.00 0.00 0.00 0.00 1.01 0.92 0.79 -1.90 0.40 2.93 0.62
Table 0.00 0 0.00 0.00 0.00 0.00 0.00 0.57 1.19 0.56 -0.24 0.28 2.55 -4.54
