Person 0.00 0 0.00 0.00 0.00 0.00 0.00 1.85 0.67 0.85 -1.04 0.35 -1.62 -0.25
Person 0.00 0 0.00 0.00 0.00 0.00 0.00 1.85 0.82 0.63 -0.93 0.29 2.62 0.71
Couch 0.00 0 0.00 0.00 0.00 0.00 0.00 1.17 1.24 2.23 0.14 0.39 3.29 -2.86
Chair 0.00 0 0.00 0.00 0.00 0.00 0.00 0.94 0.78 0.69 -1.97 0.25 0.92 -1.28
Chair 0.00 0 0.00 0.00 0.00 0.00 0.00 0.87 0.72 0.86 -2.39 0.31 -0.37 -1.30
Chair 0.00 0 0.00 0.00 0.00 0.00 0.00 0.92 0.74 0.62 -1.67 0.27 -0.92 -1.22
Chair 0.00 0 0.00 0.00 0.00 0.00 0.00 0.89 0.67 0.67 -0.92 0.23 -0.86 -2.39
Chair 0.00 0 0.00 0.00 0.00 0.00 0.00 0.43 0.64 0.67 -0.83 0.33 -1.98 1.07
Couch 0.00 0 0.00 0.00 0.00 0.00 0.00 0.93 1.02 1.83 -0.07 0.26 -3.11 -0.69
Chair 0.00 0 0.00 0.00 0.00 0.00 0.00 0.91 0.72 0.67 0.70 0.19 0.36 -2.97
Couch 0.00 0 0.00 0.00 0.00 0.00 0.00 0.91 0.81 1.28 0.97 0.21 1.31 -4.54
Table 0.00 0 0.00 0.00 0.00 0.00 0.00 0.60 1.18 0.59 -0.64 0.28 -2.49 -2.25
