Person 0.00 0 0.00 0.00 0.00 0.00 0.00 1.85 0.78 0.85 -1.05 0.31 -2.15 -0.56
Person 0.00 0 0.00 0.00 0.00 0.00 0.00 1.85 0.82 0.63 -0.82 0.29 1.96 0.17
Couch 0.00 0 0.00 0.00 0.00 0.00 0.00 1.17 1.24 2.23 0.22 0.36 2.48 -2.79
Chair 0.00 0 0.00 0.00 0.00 0.00 0.00 0.94 0.78 0.72 -2.22 0.41 0.45 -1.19
Chair 0.00 0 0.00 0.00 0.00 0.00 0.00 0.87 0.72 0.88 -2.62 0.35 -0.78 -1.18
Chair 0.00 0 0.00 0.00 0.00 0.00 0.00 0.92 0.79 0.62 -2.00 0.37 -1.56 -1.18
Chair 0.00 0 0.00 0.00 0.00 0.00 0.00 0.95 0.67 0.67 -1.32 0.33 -1.54 -2.25
Chair 0.00 0 0.00 0.00 0.00 0.00 0.00 0.43 0.64 0.67 -1.26 0.34 -2.64 1.00
Couch 0.00 0 0.00 0.00 0.00 0.00 0.00 0.93 1.02 1.83 -0.67 0.46 -3.90 -0.56
Chair 0.00 0 0.00 0.00 0.00 0.00 0.00 0.88 0.68 0.64 0.51 0.33 -0.41 -2.83
Couch 0.00 0 0.00 0.00 0.00 0.00 0.00 0.91 0.81 1.28 0.89 0.26 0.48 -4.32
Table 0.00 0 0.00 0.00 0.00 0.00 0.00 0.60 1.18 0.59 -1.09 0.37 -3.13 -2.12
