Person 0.00 0 0.00 0.00 0.00 0.00 0.00 1.85 0.82 0.80 -0.48 0.20 -1.53 -1.26
Person 0.00 0 0.00 0.00 0.00 0.00 0.00 1.81 0.82 0.66 -2.26 0.33 2.35 0.46
Couch 0.00 0 0.00 0.00 0.00 0.00 0.00 1.17 1.24 2.23 -1.41 0.42 3.46 -3.24
Chair 0.00 0 0.00 0.00 0.00 0.00 0.00 0.94 0.77 0.72 -2.30 0.23 0.41 -1.67
Chair 0.00 0 0.00 0.00 0.00 0.00 0.00 0.87 0.72 0.86 -2.19 0.27 -0.96 -1.68
Table 0.00 0 0.00 0.00 0.00 0.00 0.00 0.80 0.86 1.40 -2.77 0.40 -2.92 1.38
Chair 0.00 0 0.00 0.00 0.00 0.00 0.00 0.92 0.72 0.67 -1.30 0.24 -1.14 -1.75
Chair 0.00 0 0.00 0.00 0.00 0.00 0.00 0.89 0.67 0.67 -0.57 0.23 -0.77 -2.85
Chair 0.00 0 0.00 0.00 0.00 0.00 0.00 0.43 0.64 0.67 -0.01 0.25 -1.69 0.51
Couch 0.00 0 0.00 0.00 0.00 0.00 0.00 0.93 1.02 1.83 1.08 0.28 -2.37 -1.10
Table 0.00 0 0.00 0.00 0.00 0.00 0.00 0.60 1.18 0.59 0.38 0.28 -2.08 -2.75
