Person 0.00 0 0.00 0.00 0.00 0.00 0.00 1.85 0.78 0.85 -0.56 0.35 -2.05 -1.14
Person 0.00 0 0.00 0.00 0.00 0.00 0.00 1.85 0.82 0.63 -1.74 0.29 1.98 0.59
Couch 0.00 0 0.00 0.00 0.00 0.00 0.00 1.17 1.24 2.23 -0.68 0.39 3.04 -3.19
Chair 0.00 0 0.00 0.00 0.00 0.00 0.00 0.94 0.78 0.69 -2.23 0.42 0.08 -1.56
Chair 0.00 0 0.00 0.00 0.00 0.00 0.00 0.87 0.72 0.88 -2.12 0.32 -1.28 -1.57
Table 0.00 0 0.00 0.00 0.00 0.00 0.00 0.80 0.86 1.40 -3.15 0.34 -3.07 1.53
Chair 0.00 0 0.00 0.00 0.00 0.00 0.00 0.92 0.74 0.62 -1.38 0.39 -1.63 -1.63
Chair 0.00 0 0.00 0.00 0.00 0.00 0.00 0.95 0.67 0.67 -0.67 0.33 -1.37 -2.69
Chair 0.00 0 0.00 0.00 0.00 0.00 0.00 0.43 0.64 0.67 -0.27 0.26 -2.39 0.66
Couch 0.00 0 0.00 0.00 0.00 0.00 0.00 0.93 1.02 1.83 0.77 0.25 -3.29 -0.91
Chair 0.00 0 0.00 0.00 0.00 0.00 0.00 0.88 0.72 0.63 0.57 0.12 0.47 -3.26
Couch 0.00 0 0.00 0.00 0.00 0.00 0.00 0.91 0.81 1.28 0.53 0.31 1.38 1.54
Table 0.00 0 0.00 0.00 0.00 0.00 0.00 0.60 1.18 0.59 0.07 0.28 -2.82 -2.53
