Person 0.00 0 0.00 0.00 0.00 0.00 0.00 1.72 0.92 0.68 -2.49 0.37 -1.30 -0.53
Person 0.00 0 0.00 0.00 0.00 0.00 0.00 1.70 0.82 0.43 -1.18 0.26 -1.28 -0.65
Couch 0.00 0 0.00 0.00 0.00 0.00 0.00 1.17 1.24 2.23 -5.14 0.75 0.61 1.29
Chair 0.00 0 0.00 0.00 0.00 0.00 0.00 0.75 0.67 0.63 -0.92 0.17 -0.18 -3.50
Chair 0.00 0 0.00 0.00 0.00 0.00 0.00 0.94 0.77 0.63 -1.93 0.19 0.05 -3.55
Chair 0.00 0 0.00 0.00 0.00 0.00 0.00 0.78 0.67 0.67 -0.59 0.18 0.50 -3.54
Table 0.00 0 0.00 0.00 0.00 0.00 0.00 0.80 0.86 1.40 1.41 0.13 0.10 -0.28
Chair 0.00 0 0.00 0.00 0.00 0.00 0.00 0.43 0.58 0.67 -0.10 0.27 2.66 -1.12
Couch 0.00 0 0.00 0.00 0.00 0.00 0.00 0.93 1.00 1.68 0.55 0.47 3.82 -2.82
Chair 0.00 0 0.00 0.00 0.00 0.00 0.00 1.01 0.92 0.79 -1.29 0.44 3.71 0.73
Table 0.00 0 0.00 0.00 0.00 0.00 0.00 0.57 1.19 0.56 0.17 0.24 3.07 -4.39
