Person 0.00 0 0.00 0.00 0.00 0.00 0.00 1.78 0.72 0.83 -1.49 0.31 -1.65 -0.60
Person 0.00 0 0.00 0.00 0.00 0.00 0.00 1.78 0.71 0.78 -2.84 0.44 -0.70 0.04
Couch 0.00 0 0.00 0.00 0.00 0.00 0.00 1.17 1.24 2.23 -4.24 0.73 2.83 -4.19
Chair 0.00 0 0.00 0.00 0.00 0.00 0.00 0.81 0.65 0.62 -2.01 0.13 -0.66 -2.59
Chair 0.00 0 0.00 0.00 0.00 0.00 0.00 0.94 0.77 0.72 -2.49 0.40 0.00 -2.55
Chair 0.00 0 0.00 0.00 0.00 0.00 0.00 0.78 0.67 0.72 -1.21 0.16 -0.52 -2.60
Table 0.00 0 0.00 0.00 0.00 0.00 0.00 0.80 0.86 1.40 -0.25 0.27 -2.31 0.49
Chair 0.00 0 0.00 0.00 0.00 0.00 0.00 0.78 0.72 0.67 -0.62 0.12 -0.04 -2.63
Chair 0.00 0 0.00 0.00 0.00 0.00 0.00 0.78 0.67 0.67 -0.42 0.20 0.69 -3.72
Chair 0.00 0 0.00 0.00 0.00 0.00 0.00 0.43 0.64 0.67 0.60 0.17 0.50 -0.23
Couch 0.00 0 0.00 0.00 0.00 0.00 0.00 0.93 0.88 1.68 2.01 0.25 0.73 -1.86
Chair 0.00 0 0.00 0.00 0.00 0.00 0.00 1.01 0.92 0.79 0.66 0.23 1.99 1.31
Table 0.00 0 0.00 0.00 0.00 0.00 0.00 0.57 1.19 0.56 1.21 0.18 0.56 -3.53
