Person 0.00 0 0.00 0.00 0.00 0.00 0.00 1.78 0.81 0.77 -0.56 0.24 -1.48 -0.80
Person 0.00 0 0.00 0.00 0.00 0.00 0.00 1.81 0.82 0.66 -3.43 0.37 1.23 0.47
Couch 0.00 0 0.00 0.00 0.00 0.00 0.00 1.17 1.24 2.23 -2.54 0.46 3.39 -3.64
Chair 0.00 0 0.00 0.00 0.00 0.00 0.00 0.83 0.65 0.62 -2.49 0.23 -0.70 -1.96
Chair 0.00 0 0.00 0.00 0.00 0.00 0.00 0.94 0.77 0.72 -2.46 0.32 0.20 -1.94
Chair 0.00 0 0.00 0.00 0.00 0.00 0.00 0.87 0.67 0.86 -1.80 0.30 -0.97 -2.01
Chair 0.00 0 0.00 0.00 0.00 0.00 0.00 0.92 0.72 0.67 -1.05 0.22 -0.85 -1.97
Chair 0.00 0 0.00 0.00 0.00 0.00 0.00 0.85 0.67 0.67 -0.48 0.25 -0.40 -3.23
Chair 0.00 0 0.00 0.00 0.00 0.00 0.00 0.43 0.64 0.67 0.32 0.27 -1.14 0.27
Couch 0.00 0 0.00 0.00 0.00 0.00 0.00 0.93 0.88 1.83 1.63 0.38 -1.54 -1.32
Chair 0.00 0 0.00 0.00 0.00 0.00 0.00 1.15 0.92 0.79 1.30 0.42 0.02 -3.66
Table 0.00 0 0.00 0.00 0.00 0.00 0.00 0.60 1.19 0.56 0.79 0.28 -1.36 -2.88
