Person 0.00 0 0.00 0.00 0.00 0.00 0.00 1.78 0.81 0.77 -0.17 0.31 -1.32 -1.34
Person 0.00 0 0.00 0.00 0.00 0.00 0.00 1.81 0.82 0.66 -3.36 0.44 1.66 1.54
Couch 0.00 0 0.00 0.00 0.00 0.00 0.00 1.17 1.24 2.23 -2.35 0.47 3.32 -3.57
Chair 0.00 0 0.00 0.00 0.00 0.00 0.00 0.94 0.77 0.72 -2.54 0.28 0.26 -2.00
Chair 0.00 0 0.00 0.00 0.00 0.00 0.00 0.87 0.67 0.86 -1.91 0.34 -1.01 -1.98
Table 0.00 0 0.00 0.00 0.00 0.00 0.00 0.80 0.86 1.40 -2.03 0.25 -3.13 1.08
Chair 0.00 0 0.00 0.00 0.00 0.00 0.00 0.92 0.72 0.67 -1.06 0.31 -0.96 -1.97
Chair 0.00 0 0.00 0.00 0.00 0.00 0.00 0.85 0.67 0.67 -0.42 0.31 -0.48 -2.78
Chair 0.00 0 0.00 0.00 0.00 0.00 0.00 0.43 0.64 0.67 0.31 0.26 -1.27 0.34
Couch 0.00 0 0.00 0.00 0.00 0.00 0.00 0.93 1.02 1.83 1.65 0.31 -1.67 -1.39
Chair 0.00 0 0.00 0.00 0.00 0.00 0.00 1.15 0.92 0.79 1.26 0.27 0.03 -4.17
Table 0.00 0 0.00 0.00 0.00 0.00 0.00 0.60 1.18 0.59 0.79 0.28 -1.54 -2.97
