Person 0.00 0 0.00 0.00 0.00 0.00 0.00 1.77 0.86 0.78 -3.30 0.29 0.37 -0.26
Person 0.00 0 0.00 0.00 0.00 0.00 0.00 1.76 0.89 0.78 -1.69 0.26 -0.30 -0.93
Couch 0.00 0 0.00 0.00 0.00 0.00 0.00 1.17 1.24 2.23 -4.30 0.54 3.06 -4.58
Chair 0.00 0 0.00 0.00 0.00 0.00 0.00 0.75 0.67 0.63 -0.79 0.16 0.49 -3.11
Chair 0.00 0 0.00 0.00 0.00 0.00 0.00 0.94 0.67 0.59 -2.27 0.34 0.70 -3.05
Chair 0.00 0 0.00 0.00 0.00 0.00 0.00 0.94 0.77 0.63 -1.60 0.32 1.03 -3.39
Chair 0.00 0 0.00 0.00 0.00 0.00 0.00 0.78 0.67 0.63 -0.19 0.17 0.98 -3.16
Table 0.00 0 0.00 0.00 0.00 0.00 0.00 0.80 0.86 1.40 1.43 0.19 -0.21 0.12
Chair 0.00 0 0.00 0.00 0.00 0.00 0.00 0.43 0.58 0.67 1.13 0.21 2.70 -0.75
Couch 0.00 0 0.00 0.00 0.00 0.00 0.00 0.93 1.12 1.68 2.26 0.38 3.55 -2.39
Table 0.00 0 0.00 0.00 0.00 0.00 0.00 0.57 1.19 0.56 1.55 0.25 3.01 -3.98
