Person 0.00 0 0.00 0.00 0.00 0.00 0.00 1.78 0.82 0.73 -0.33 0.25 -1.48 -1.18
Person 0.00 0 0.00 0.00 0.00 0.00 0.00 1.81 0.82 0.66 -2.54 0.33 2.23 0.32
Couch 0.00 0 0.00 0.00 0.00 0.00 0.00 1.17 1.24 2.23 -1.55 0.43 3.53 -3.33
Chair 0.00 0 0.00 0.00 0.00 0.00 0.00 0.94 0.77 0.72 -2.44 0.31 0.48 -1.79
Chair 0.00 0 0.00 0.00 0.00 0.00 0.00 0.87 0.72 0.86 -2.07 0.32 -0.94 -1.78
Table 0.00 0 0.00 0.00 0.00 0.00 0.00 0.80 0.86 1.40 -2.65 0.36 -2.96 1.35
Chair 0.00 0 0.00 0.00 0.00 0.00 0.00 0.92 0.72 0.67 -1.23 0.35 -1.02 -1.84
Chair 0.00 0 0.00 0.00 0.00 0.00 0.00 0.89 0.67 0.67 -0.57 0.25 -0.76 -3.27
Chair 0.00 0 0.00 0.00 0.00 0.00 0.00 0.43 0.64 0.67 0.02 0.25 -1.67 0.47
Couch 0.00 0 0.00 0.00 0.00 0.00 0.00 0.93 1.02 1.83 1.27 0.29 -2.37 -1.09
Table 0.00 0 0.00 0.00 0.00 0.00 0.00 0.60 1.18 0.59 0.47 0.28 -2.04 -2.74
