Person 0.00 0 0.00 0.00 0.00 0.00 0.00 1.78 0.77 0.61 -0.13 0.37 -1.26 -1.77
Person 0.00 0 0.00 0.00 0.00 0.00 0.00 1.81 0.82 0.66 -3.29 0.41 1.57 0.86
Couch 0.00 0 0.00 0.00 0.00 0.00 0.00 1.17 1.24 2.23 -2.34 0.46 3.39 -3.51
Chair 0.00 0 0.00 0.00 0.00 0.00 0.00 0.94 0.77 0.72 -2.48 0.30 0.31 -2.01
Chair 0.00 0 0.00 0.00 0.00 0.00 0.00 0.87 0.72 0.86 -1.89 0.37 -0.93 -1.97
Table 0.00 0 0.00 0.00 0.00 0.00 0.00 0.80 0.86 1.40 -1.99 0.27 -3.14 1.12
Chair 0.00 0 0.00 0.00 0.00 0.00 0.00 0.92 0.72 0.67 -1.09 0.46 -1.00 -1.94
Chair 0.00 0 0.00 0.00 0.00 0.00 0.00 0.89 0.67 0.67 -0.47 0.25 -0.48 -3.42
Chair 0.00 0 0.00 0.00 0.00 0.00 0.00 0.43 0.64 0.67 0.34 0.26 -1.24 0.29
Couch 0.00 0 0.00 0.00 0.00 0.00 0.00 0.93 1.02 1.83 1.64 0.31 -1.63 -1.35
Chair 0.00 0 0.00 0.00 0.00 0.00 0.00 1.15 0.92 0.79 1.24 0.43 -0.03 -4.09
Table 0.00 0 0.00 0.00 0.00 0.00 0.00 0.60 1.18 0.59 0.82 0.28 -1.47 -2.86
