Person 0.00 0 0.00 0.00 0.00 0.00 0.00 1.72 0.86 0.68 -1.92 0.41 -1.95 -0.78
Person 0.00 0 0.00 0.00 0.00 0.00 0.00 1.74 0.82 0.49 -0.90 0.34 -1.47 -1.14
Couch 0.00 0 0.00 0.00 0.00 0.00 0.00 1.17 1.24 2.23 -5.12 0.51 -0.66 1.09
Chair 0.00 0 0.00 0.00 0.00 0.00 0.00 0.75 0.67 0.63 -0.98 0.15 -0.54 -3.62
Chair 0.00 0 0.00 0.00 0.00 0.00 0.00 0.94 0.77 0.63 -1.82 0.24 -0.57 -3.67
Chair 0.00 0 0.00 0.00 0.00 0.00 0.00 0.78 0.67 0.67 -0.71 0.18 0.22 -3.66
Table 0.00 0 0.00 0.00 0.00 0.00 0.00 0.80 0.86 1.40 1.30 0.18 0.16 -0.50
Chair 0.00 0 0.00 0.00 0.00 0.00 0.00 0.78 0.67 0.67 -0.86 0.17 0.98 -3.67
Chair 0.00 0 0.00 0.00 0.00 0.00 0.00 0.43 0.64 0.67 -0.63 0.34 2.39 -1.39
Couch 0.00 0 0.00 0.00 0.00 0.00 0.00 0.93 1.00 1.68 -0.17 0.51 3.71 -3.02
Chair 0.00 0 0.00 0.00 0.00 0.00 0.00 1.01 0.92 0.79 -1.96 0.27 3.17 0.50
Table 0.00 0 0.00 0.00 0.00 0.00 0.00 0.57 1.19 0.56 -0.37 0.30 2.87 -4.58
