Person 0.00 0 0.00 0.00 0.00 0.00 0.00 1.78 0.81 0.77 -0.48 0.23 -1.49 -0.89
Person 0.00 0 0.00 0.00 0.00 0.00 0.00 1.81 0.82 0.66 -3.54 0.40 1.14 0.36
Couch 0.00 0 0.00 0.00 0.00 0.00 0.00 1.17 1.24 2.23 -2.54 0.48 3.27 -3.61
Chair 0.00 0 0.00 0.00 0.00 0.00 0.00 0.83 0.65 0.62 -2.47 0.21 -0.66 -2.02
Chair 0.00 0 0.00 0.00 0.00 0.00 0.00 0.94 0.77 0.72 -2.43 0.27 0.05 -2.03
Chair 0.00 0 0.00 0.00 0.00 0.00 0.00 0.87 0.67 0.86 -1.74 0.31 -1.04 -2.04
Table 0.00 0 0.00 0.00 0.00 0.00 0.00 0.80 0.86 1.40 -1.92 0.30 -3.10 1.09
Chair 0.00 0 0.00 0.00 0.00 0.00 0.00 0.92 0.72 0.67 -1.03 0.26 -0.96 -2.02
Chair 0.00 0 0.00 0.00 0.00 0.00 0.00 0.85 0.67 0.67 -0.44 0.22 -0.47 -3.30
Chair 0.00 0 0.00 0.00 0.00 0.00 0.00 0.43 0.64 0.67 0.37 0.27 -1.17 0.21
Couch 0.00 0 0.00 0.00 0.00 0.00 0.00 0.93 0.88 1.83 1.72 0.41 -1.50 -1.39
Chair 0.00 0 0.00 0.00 0.00 0.00 0.00 1.15 0.92 0.79 1.29 0.45 0.05 -3.72
Table 0.00 0 0.00 0.00 0.00 0.00 0.00 0.60 1.19 0.56 0.88 0.28 -1.43 -2.96
