Person 0.00 0 0.00 0.00 0.00 0.00 0.00 1.85 0.73 0.73 -1.11 0.31 -2.31 -1.48
Person 0.00 0 0.00 0.00 0.00 0.00 0.00 1.85 0.81 0.68 -0.73 0.34 1.69 -4.55
Couch 0.00 0 0.00 0.00 0.00 0.00 0.00 1.17 1.24 2.23 0.76 0.34 1.75 -2.57
Chair 0.00 0 0.00 0.00 0.00 0.00 0.00 0.94 0.78 0.72 -2.20 0.21 0.07 -1.02
Chair 0.00 0 0.00 0.00 0.00 0.00 0.00 0.92 0.79 0.62 -2.27 0.37 -1.71 -0.89
Chair 0.00 0 0.00 0.00 0.00 0.00 0.00 0.95 0.67 0.67 -1.55 0.46 -1.89 -1.93
Chair 0.00 0 0.00 0.00 0.00 0.00 0.00 0.43 0.64 0.67 -1.85 0.35 -3.02 1.25
Couch 0.00 0 0.00 0.00 0.00 0.00 0.00 0.93 1.02 1.83 -1.43 0.56 -4.36 -0.33
Chair 0.00 0 0.00 0.00 0.00 0.00 0.00 0.88 0.68 0.64 0.40 0.27 -1.20 -2.55
Couch 0.00 0 0.00 0.00 0.00 0.00 0.00 0.91 0.81 1.28 0.84 0.17 -0.35 -4.15
Table 0.00 0 0.00 0.00 0.00 0.00 0.00 0.64 1.24 0.57 -1.78 0.40 -3.56 -1.89
