Person 0.00 0 0.00 0.00 0.00 0.00 0.00 1.78 0.84 0.78 -0.27 0.38 -2.09 -1.58
Person 0.00 0 0.00 0.00 0.00 0.00 0.00 1.78 0.71 0.78 -2.63 0.44 -2.28 -0.55
Couch 0.00 0 0.00 0.00 0.00 0.00 0.00 1.17 1.24 2.23 -5.04 0.59 0.22 -4.62
Chair 0.00 0 0.00 0.00 0.00 0.00 0.00 0.83 0.65 0.62 -1.64 0.21 -1.76 -3.06
Chair 0.00 0 0.00 0.00 0.00 0.00 0.00 0.94 0.77 0.72 -2.36 0.36 -1.46 -3.09
Chair 0.00 0 0.00 0.00 0.00 0.00 0.00 0.87 0.67 0.78 -0.92 0.25 -1.30 -3.10
Table 0.00 0 0.00 0.00 0.00 0.00 0.00 0.80 0.86 1.40 0.74 0.23 -2.54 0.07
Chair 0.00 0 0.00 0.00 0.00 0.00 0.00 0.78 0.72 0.67 -0.50 0.16 -0.65 -3.06
Chair 0.00 0 0.00 0.00 0.00 0.00 0.00 0.78 0.67 0.67 -0.68 0.20 0.14 -4.24
Chair 0.00 0 0.00 0.00 0.00 0.00 0.00 0.43 0.64 0.67 0.32 0.13 0.34 -0.75
Chair 0.00 0 0.00 0.00 0.00 0.00 0.00 1.01 0.92 0.79 -0.27 0.21 1.81 1.25
