Person 0.00 0 0.00 0.00 0.00 0.00 0.00 1.77 0.77 0.78 -3.45 0.30 0.66 -0.31
Person 0.00 0 0.00 0.00 0.00 0.00 0.00 1.76 0.89 0.78 -1.77 0.32 -0.19 -0.68
Couch 0.00 0 0.00 0.00 0.00 0.00 0.00 1.17 1.24 2.23 -4.06 0.50 3.06 -4.59
Chair 0.00 0 0.00 0.00 0.00 0.00 0.00 0.75 0.67 0.63 -0.78 0.17 0.60 -3.02
Chair 0.00 0 0.00 0.00 0.00 0.00 0.00 0.94 0.67 0.59 -2.19 0.26 0.82 -2.97
Chair 0.00 0 0.00 0.00 0.00 0.00 0.00 0.94 0.77 0.63 -1.51 0.28 1.21 -3.09
Chair 0.00 0 0.00 0.00 0.00 0.00 0.00 0.78 0.67 0.63 -0.16 0.15 1.04 -2.93
Table 0.00 0 0.00 0.00 0.00 0.00 0.00 0.80 0.86 1.40 1.43 0.18 -0.21 0.12
Chair 0.00 0 0.00 0.00 0.00 0.00 0.00 0.48 0.58 0.67 1.20 0.27 2.73 -0.71
Couch 0.00 0 0.00 0.00 0.00 0.00 0.00 0.93 1.12 1.68 2.49 0.38 3.48 -2.27
Table 0.00 0 0.00 0.00 0.00 0.00 0.00 0.57 1.19 0.56 1.74 0.26 2.93 -3.91
