Person 0.00 0 0.00 0.00 0.00 0.00 0.00 1.85 0.67 0.85 -1.16 0.37 -1.47 -0.45
Person 0.00 0 0.00 0.00 0.00 0.00 0.00 1.85 0.82 0.63 -0.88 0.29 2.79 0.76
Couch 0.00 0 0.00 0.00 0.00 0.00 0.00 1.17 1.24 2.23 0.25 0.39 3.26 -2.87
Chair 0.00 0 0.00 0.00 0.00 0.00 0.00 0.94 0.78 0.69 -1.95 0.28 0.94 -1.30
Chair 0.00 0 0.00 0.00 0.00 0.00 0.00 0.87 0.72 0.86 -2.31 0.31 -0.35 -1.29
Table 0.00 0 0.00 0.00 0.00 0.00 0.00 0.80 0.86 1.40 -3.85 0.40 -1.81 -4.44
Chair 0.00 0 0.00 0.00 0.00 0.00 0.00 0.92 0.74 0.62 -1.70 0.26 -0.84 -1.26
Chair 0.00 0 0.00 0.00 0.00 0.00 0.00 0.89 0.67 0.67 -0.89 0.25 -0.84 -2.46
Chair 0.00 0 0.00 0.00 0.00 0.00 0.00 0.43 0.64 0.67 -0.87 0.31 -1.90 1.02
Couch 0.00 0 0.00 0.00 0.00 0.00 0.00 0.93 1.02 1.83 -0.15 0.26 -3.08 -0.56
Chair 0.00 0 0.00 0.00 0.00 0.00 0.00 0.91 0.72 0.67 0.73 0.20 0.38 -2.89
Couch 0.00 0 0.00 0.00 0.00 0.00 0.00 0.91 0.81 1.28 0.96 0.20 1.31 -4.46
Table 0.00 0 0.00 0.00 0.00 0.00 0.00 0.60 1.18 0.59 -0.67 0.28 -2.40 -2.25
