Person 0.00 0 0.00 0.00 0.00 0.00 0.00 1.78 0.67 0.64 -0.37 0.40 -1.94 -1.40
Couch 0.00 0 0.00 0.00 0.00 0.00 0.00 1.17 1.24 2.23 -4.91 0.56 0.86 -4.49
Chair 0.00 0 0.00 0.00 0.00 0.00 0.00 0.83 0.65 0.62 -1.81 0.23 -1.81 -2.91
Chair 0.00 0 0.00 0.00 0.00 0.00 0.00 0.94 0.77 0.72 -2.54 0.38 -1.22 -2.90
Chair 0.00 0 0.00 0.00 0.00 0.00 0.00 0.87 0.67 0.86 -1.04 0.24 -1.33 -2.91
Table 0.00 0 0.00 0.00 0.00 0.00 0.00 0.80 0.86 1.40 0.50 0.23 -2.75 0.19
Chair 0.00 0 0.00 0.00 0.00 0.00 0.00 0.78 0.72 0.67 -0.47 0.22 -0.76 -2.93
Chair 0.00 0 0.00 0.00 0.00 0.00 0.00 0.78 0.67 0.67 -0.65 0.20 0.01 -4.41
Chair 0.00 0 0.00 0.00 0.00 0.00 0.00 0.43 0.64 0.67 0.33 0.12 0.23 -0.72
Chair 0.00 0 0.00 0.00 0.00 0.00 0.00 1.01 0.92 0.79 0.00 0.23 1.72 1.38
