Person 0.00 0 0.00 0.00 0.00 0.00 0.00 1.78 0.72 0.74 -1.64 0.33 -1.56 -0.62
Person 0.00 0 0.00 0.00 0.00 0.00 0.00 1.78 0.71 0.78 -2.95 0.44 -0.61 0.15
Couch 0.00 0 0.00 0.00 0.00 0.00 0.00 1.17 1.24 2.23 -4.15 0.69 3.02 -4.12
Chair 0.00 0 0.00 0.00 0.00 0.00 0.00 0.75 0.65 0.62 -2.06 0.16 -0.55 -2.48
Chair 0.00 0 0.00 0.00 0.00 0.00 0.00 0.94 0.77 0.72 -2.52 0.38 0.25 -2.43
Chair 0.00 0 0.00 0.00 0.00 0.00 0.00 0.78 0.67 0.72 -1.25 0.16 -0.40 -2.47
Table 0.00 0 0.00 0.00 0.00 0.00 0.00 0.80 0.86 1.40 -0.30 0.28 -2.24 0.52
Chair 0.00 0 0.00 0.00 0.00 0.00 0.00 0.78 0.72 0.67 -0.62 0.15 -0.00 -2.58
Chair 0.00 0 0.00 0.00 0.00 0.00 0.00 0.78 0.67 0.67 -0.41 0.20 0.77 -3.74
Chair 0.00 0 0.00 0.00 0.00 0.00 0.00 0.43 0.64 0.67 0.59 0.17 0.52 -0.28
Couch 0.00 0 0.00 0.00 0.00 0.00 0.00 0.93 0.88 1.68 2.09 0.25 0.69 -1.90
Chair 0.00 0 0.00 0.00 0.00 0.00 0.00 1.01 0.92 0.79 0.78 0.25 2.13 1.42
Table 0.00 0 0.00 0.00 0.00 0.00 0.00 0.57 1.19 0.56 1.22 0.17 0.52 -3.53
