Person 0.00 0 0.00 0.00 0.00 0.00 0.00 1.78 0.75 0.74 -0.67 0.31 -2.12 -1.27
Couch 0.00 0 0.00 0.00 0.00 0.00 0.00 1.17 1.24 2.23 -4.93 0.57 1.08 -4.54
Chair 0.00 0 0.00 0.00 0.00 0.00 0.00 0.83 0.65 0.62 -1.85 0.26 -1.67 -3.01
Chair 0.00 0 0.00 0.00 0.00 0.00 0.00 0.94 0.77 0.72 -2.60 0.39 -1.15 -2.95
Chair 0.00 0 0.00 0.00 0.00 0.00 0.00 0.87 0.67 0.86 -1.00 0.30 -1.22 -2.98
Table 0.00 0 0.00 0.00 0.00 0.00 0.00 0.80 0.86 1.40 0.48 0.22 -2.48 0.18
Chair 0.00 0 0.00 0.00 0.00 0.00 0.00 0.78 0.72 0.67 -0.62 0.28 -0.50 -2.89
Chair 0.00 0 0.00 0.00 0.00 0.00 0.00 0.78 0.67 0.67 -0.66 0.24 0.26 -4.08
Chair 0.00 0 0.00 0.00 0.00 0.00 0.00 0.43 0.64 0.67 0.37 0.11 0.42 -0.61
Chair 0.00 0 0.00 0.00 0.00 0.00 0.00 1.01 0.92 0.79 -0.06 0.30 1.94 -4.62
