Person 0.00 0 0.00 0.00 0.00 0.00 0.00 1.85 0.70 0.73 -1.02 0.30 -2.16 -1.25
Person 0.00 0 0.00 0.00 0.00 0.00 0.00 1.85 0.81 0.68 -0.75 0.34 1.81 0.99
Couch 0.00 0 0.00 0.00 0.00 0.00 0.00 1.17 1.24 2.23 0.65 0.35 1.93 -2.61
Chair 0.00 0 0.00 0.00 0.00 0.00 0.00 0.94 0.78 0.72 -2.19 0.26 0.16 -1.00
Chair 0.00 0 0.00 0.00 0.00 0.00 0.00 0.92 0.79 0.62 -2.20 0.38 -1.69 -0.97
Chair 0.00 0 0.00 0.00 0.00 0.00 0.00 0.95 0.67 0.67 -1.55 0.44 -1.82 -1.95
Chair 0.00 0 0.00 0.00 0.00 0.00 0.00 0.43 0.64 0.67 -1.71 0.33 -2.94 1.24
Couch 0.00 0 0.00 0.00 0.00 0.00 0.00 0.93 1.02 1.83 -1.34 0.51 -4.20 -0.42
Chair 0.00 0 0.00 0.00 0.00 0.00 0.00 0.88 0.68 0.64 0.41 0.24 -1.00 -2.60
Couch 0.00 0 0.00 0.00 0.00 0.00 0.00 0.91 0.81 1.28 0.89 0.17 -0.13 -4.19
Table 0.00 0 0.00 0.00 0.00 0.00 0.00 0.64 1.24 0.57 -1.65 0.40 -3.45 -1.98
