Person 0.00 0 0.00 0.00 0.00 0.00 0.00 1.85 0.78 0.85 -0.03 0.38 -2.21 -0.60
Person 0.00 0 0.00 0.00 0.00 0.00 0.00 1.85 0.82 0.63 -2.02 0.29 1.57 0.52
Couch 0.00 0 0.00 0.00 0.00 0.00 0.00 1.17 1.24 2.23 -1.26 0.37 2.57 -3.25
Chair 0.00 0 0.00 0.00 0.00 0.00 0.00 0.94 0.78 0.72 -2.25 0.24 -0.57 -1.69
Chair 0.00 0 0.00 0.00 0.00 0.00 0.00 0.87 0.72 0.88 -1.91 0.34 -1.79 -1.72
Table 0.00 0 0.00 0.00 0.00 0.00 0.00 0.80 0.86 1.40 -2.66 0.30 -3.75 1.40
Chair 0.00 0 0.00 0.00 0.00 0.00 0.00 0.92 0.79 0.62 -1.06 0.32 -2.02 -1.81
Chair 0.00 0 0.00 0.00 0.00 0.00 0.00 0.95 0.67 0.67 -0.45 0.35 -1.61 -2.67
Chair 0.00 0 0.00 0.00 0.00 0.00 0.00 0.43 0.64 0.67 0.09 0.28 -2.59 0.51
Couch 0.00 0 0.00 0.00 0.00 0.00 0.00 0.93 1.02 1.83 1.21 0.24 -3.34 -1.08
Chair 0.00 0 0.00 0.00 0.00 0.00 0.00 0.88 0.68 0.59 0.44 0.24 0.26 -3.29
Couch 0.00 0 0.00 0.00 0.00 0.00 0.00 0.91 0.81 1.28 0.23 0.33 1.17 1.39
Table 0.00 0 0.00 0.00 0.00 0.00 0.00 0.60 1.18 0.59 0.47 0.28 -2.95 -2.61
