Person 0.00 0 0.00 0.00 0.00 0.00 0.00 1.85 0.78 0.85 -0.25 0.34 -2.08 -1.49
Person 0.00 0 0.00 0.00 0.00 0.00 0.00 1.85 0.82 0.63 -1.96 0.29 1.75 0.57
Couch 0.00 0 0.00 0.00 0.00 0.00 0.00 1.17 1.24 2.23 -1.11 0.38 2.72 -3.21
Chair 0.00 0 0.00 0.00 0.00 0.00 0.00 0.94 0.78 0.69 -2.26 0.49 -0.28 -1.68
Chair 0.00 0 0.00 0.00 0.00 0.00 0.00 0.87 0.72 0.88 -2.02 0.33 -1.71 -1.71
Table 0.00 0 0.00 0.00 0.00 0.00 0.00 0.80 0.86 1.40 -2.71 0.30 -3.68 1.42
Chair 0.00 0 0.00 0.00 0.00 0.00 0.00 0.92 0.74 0.62 -1.15 0.45 -1.98 -1.72
Chair 0.00 0 0.00 0.00 0.00 0.00 0.00 0.95 0.67 0.67 -0.45 0.37 -1.51 -2.85
Chair 0.00 0 0.00 0.00 0.00 0.00 0.00 0.43 0.64 0.67 0.10 0.25 -2.43 0.60
Couch 0.00 0 0.00 0.00 0.00 0.00 0.00 0.93 1.02 1.83 1.27 0.25 -3.17 -1.12
Chair 0.00 0 0.00 0.00 0.00 0.00 0.00 0.88 0.68 0.59 0.50 0.15 0.38 -3.26
Couch 0.00 0 0.00 0.00 0.00 0.00 0.00 0.91 0.81 1.28 0.37 0.22 1.40 1.39
Table 0.00 0 0.00 0.00 0.00 0.00 0.00 0.60 1.18 0.59 0.43 0.28 -2.82 -2.61
