Person 0.00 0 0.00 0.00 0.00 0.00 0.00 1.77 0.86 0.78 -3.51 0.29 0.56 -0.24
Person 0.00 0 0.00 0.00 0.00 0.00 0.00 1.76 0.89 0.78 -1.67 0.25 -0.37 -1.02
Couch 0.00 0 0.00 0.00 0.00 0.00 0.00 1.17 1.24 2.23 -4.27 0.56 3.04 -4.57
Chair 0.00 0 0.00 0.00 0.00 0.00 0.00 0.75 0.67 0.63 -0.80 0.16 0.56 -3.14
Chair 0.00 0 0.00 0.00 0.00 0.00 0.00 0.94 0.67 0.59 -2.25 0.37 0.76 -3.10
Chair 0.00 0 0.00 0.00 0.00 0.00 0.00 0.94 0.77 0.63 -1.59 0.32 1.04 -3.20
Chair 0.00 0 0.00 0.00 0.00 0.00 0.00 0.78 0.67 0.63 -0.12 0.17 1.02 -2.98
Table 0.00 0 0.00 0.00 0.00 0.00 0.00 0.80 0.86 1.40 1.42 0.19 -0.24 0.13
Chair 0.00 0 0.00 0.00 0.00 0.00 0.00 0.43 0.58 0.67 1.17 0.18 2.69 -0.72
Couch 0.00 0 0.00 0.00 0.00 0.00 0.00 0.93 1.00 1.68 2.35 0.51 3.54 -2.34
Table 0.00 0 0.00 0.00 0.00 0.00 0.00 0.57 1.19 0.56 1.77 0.25 2.90 -3.94
