Person 0.00 0 0.00 0.00 0.00 0.00 0.00 1.81 0.73 0.68 -0.99 0.32 -2.67 -0.88
Person 0.00 0 0.00 0.00 0.00 0.00 0.00 1.76 0.72 0.44 -1.12 0.33 -2.04 -0.97
Couch 0.00 0 0.00 0.00 0.00 0.00 0.00 1.17 1.24 2.23 -5.18 0.66 -1.19 1.12
Chair 0.00 0 0.00 0.00 0.00 0.00 0.00 0.75 0.65 0.62 -1.01 0.11 -1.38 -3.52
Chair 0.00 0 0.00 0.00 0.00 0.00 0.00 0.94 0.77 0.63 -1.86 0.30 -1.26 -3.59
Chair 0.00 0 0.00 0.00 0.00 0.00 0.00 0.78 0.67 0.67 -0.76 0.17 -0.63 -3.55
Table 0.00 0 0.00 0.00 0.00 0.00 0.00 0.80 0.86 1.40 1.32 0.16 -0.85 -0.44
Chair 0.00 0 0.00 0.00 0.00 0.00 0.00 0.78 0.67 0.67 -0.69 0.20 0.18 -3.57
Chair 0.00 0 0.00 0.00 0.00 0.00 0.00 0.78 0.67 0.67 -1.28 0.20 0.72 1.48
Chair 0.00 0 0.00 0.00 0.00 0.00 0.00 0.43 0.64 0.67 -0.52 0.24 1.48 -1.30
Couch 0.00 0 0.00 0.00 0.00 0.00 0.00 0.93 0.88 1.68 0.11 0.25 2.77 -2.91
Chair 0.00 0 0.00 0.00 0.00 0.00 0.00 1.01 0.92 0.79 -1.79 0.30 2.42 0.34
Table 0.00 0 0.00 0.00 0.00 0.00 0.00 0.57 1.19 0.56 -0.17 0.24 1.96 -4.57
