Person 0.00 0 0.00 0.00 0.00 0.00 0.00 1.78 0.81 0.77 -1.01 0.44 -1.64 -0.86
Couch 0.00 0 0.00 0.00 0.00 0.00 0.00 1.17 1.24 2.23 -3.78 0.50 3.00 -3.95
Chair 0.00 0 0.00 0.00 0.00 0.00 0.00 0.83 0.65 0.62 -2.40 0.18 -0.90 -2.39
Chair 0.00 0 0.00 0.00 0.00 0.00 0.00 0.94 0.77 0.72 -2.85 0.22 -0.15 -2.38
Chair 0.00 0 0.00 0.00 0.00 0.00 0.00 0.87 0.67 0.86 -1.57 0.19 -0.92 -2.40
Table 0.00 0 0.00 0.00 0.00 0.00 0.00 0.80 0.86 1.40 -1.01 0.32 -2.92 0.75
Chair 0.00 0 0.00 0.00 0.00 0.00 0.00 0.88 0.72 0.67 -0.91 0.30 -0.65 -2.31
Chair 0.00 0 0.00 0.00 0.00 0.00 0.00 0.78 0.67 0.67 -0.49 0.19 0.05 -3.47
Chair 0.00 0 0.00 0.00 0.00 0.00 0.00 0.43 0.64 0.67 0.41 0.26 -0.32 -0.13
Couch 0.00 0 0.00 0.00 0.00 0.00 0.00 0.93 0.88 1.68 1.77 0.14 -0.21 -1.73
Chair 0.00 0 0.00 0.00 0.00 0.00 0.00 1.01 0.92 0.79 0.87 0.18 1.16 -4.22
Table 0.00 0 0.00 0.00 0.00 0.00 0.00 0.60 1.19 0.56 0.95 0.28 -0.29 -3.31
