Person 0.00 0 0.00 0.00 0.00 0.00 0.00 1.81 0.86 0.68 -1.85 0.33 -1.93 -1.40
Person 0.00 0 0.00 0.00 0.00 0.00 0.00 1.74 0.72 0.44 -0.88 0.24 -1.53 -1.47
Couch 0.00 0 0.00 0.00 0.00 0.00 0.00 1.17 1.24 2.23 -5.08 0.49 -0.80 1.10
Chair 0.00 0 0.00 0.00 0.00 0.00 0.00 0.75 0.61 0.62 -0.94 0.13 -0.63 -3.66
Chair 0.00 0 0.00 0.00 0.00 0.00 0.00 0.94 0.77 0.63 -1.93 0.30 -0.64 -3.64
Chair 0.00 0 0.00 0.00 0.00 0.00 0.00 0.78 0.67 0.67 -0.65 0.17 0.20 -3.65
Table 0.00 0 0.00 0.00 0.00 0.00 0.00 0.80 0.86 1.40 1.33 0.17 0.14 -0.48
Chair 0.00 0 0.00 0.00 0.00 0.00 0.00 0.78 0.67 0.67 -0.74 0.20 0.61 -3.57
Chair 0.00 0 0.00 0.00 0.00 0.00 0.00 0.43 0.64 0.67 -0.65 0.27 2.30 -1.35
Couch 0.00 0 0.00 0.00 0.00 0.00 0.00 0.93 0.88 1.68 -0.12 0.25 3.61 -3.01
Chair 0.00 0 0.00 0.00 0.00 0.00 0.00 1.01 0.92 0.79 -1.89 0.53 3.21 0.86
Table 0.00 0 0.00 0.00 0.00 0.00 0.00 0.57 1.19 0.56 -0.33 0.26 2.82 -4.54
