Person 0.00 0 0.00 0.00 0.00 0.00 0.00 1.85 0.78 0.85 -0.99 0.42 -1.73 -0.86
Person 0.00 0 0.00 0.00 0.00 0.00 0.00 1.85 0.82 0.63 -1.10 0.29 2.54 0.54
Couch 0.00 0 0.00 0.00 0.00 0.00 0.00 1.17 1.24 2.23 -0.14 0.38 3.18 -2.89
Chair 0.00 0 0.00 0.00 0.00 0.00 0.00 0.94 0.78 0.72 -2.10 0.32 0.72 -1.34
Table 0.00 0 0.00 0.00 0.00 0.00 0.00 0.80 0.86 1.40 -3.71 0.30 -2.16 -4.51
Chair 0.00 0 0.00 0.00 0.00 0.00 0.00 0.92 0.79 0.62 -1.63 0.35 -1.07 -1.32
Chair 0.00 0 0.00 0.00 0.00 0.00 0.00 0.95 0.67 0.67 -0.86 0.36 -1.05 -2.51
Chair 0.00 0 0.00 0.00 0.00 0.00 0.00 0.43 0.64 0.67 -0.72 0.24 -2.09 0.92
Couch 0.00 0 0.00 0.00 0.00 0.00 0.00 0.93 1.02 1.83 0.16 0.25 -3.21 -0.69
Chair 0.00 0 0.00 0.00 0.00 0.00 0.00 0.88 0.68 0.59 0.61 0.17 0.44 -2.88
Couch 0.00 0 0.00 0.00 0.00 0.00 0.00 0.91 0.81 1.28 0.82 0.36 1.26 -4.46
Table 0.00 0 0.00 0.00 0.00 0.00 0.00 0.60 1.18 0.59 -0.49 0.28 -2.58 -2.22
