Person 0.00 0 0.00 0.00 0.00 0.00 0.00 1.78 0.81 0.77 -0.90 0.26 -1.36 -0.63
Person 0.00 0 0.00 0.00 0.00 0.00 0.00 1.81 0.82 0.66 -3.31 0.30 1.59 0.68
Couch 0.00 0 0.00 0.00 0.00 0.00 0.00 1.17 1.24 2.23 -1.98 0.51 3.79 -3.48
Chair 0.00 0 0.00 0.00 0.00 0.00 0.00 0.83 0.65 0.62 -2.64 0.28 -0.16 -1.85
Chair 0.00 0 0.00 0.00 0.00 0.00 0.00 0.94 0.77 0.72 -2.41 0.35 0.74 -1.85
Chair 0.00 0 0.00 0.00 0.00 0.00 0.00 0.87 0.67 0.86 -1.93 0.29 -0.62 -1.87
Table 0.00 0 0.00 0.00 0.00 0.00 0.00 0.80 0.86 1.40 -2.41 0.33 -2.55 1.29
Chair 0.00 0 0.00 0.00 0.00 0.00 0.00 0.92 0.72 0.67 -1.09 0.32 -0.64 -1.86
Chair 0.00 0 0.00 0.00 0.00 0.00 0.00 0.85 0.67 0.67 -0.48 0.31 -0.23 -3.04
Chair 0.00 0 0.00 0.00 0.00 0.00 0.00 0.43 0.64 0.67 0.17 0.27 -1.09 0.41
Couch 0.00 0 0.00 0.00 0.00 0.00 0.00 0.93 0.88 1.76 1.43 0.31 -1.62 -1.18
Chair 0.00 0 0.00 0.00 0.00 0.00 0.00 1.15 0.92 0.79 1.36 0.35 -0.09 -3.53
Table 0.00 0 0.00 0.00 0.00 0.00 0.00 0.60 1.19 0.56 0.65 0.28 -1.41 -2.78
