Person 0.00 0 0.00 0.00 0.00 0.00 0.00 1.78 0.81 0.74 -0.89 0.27 -1.71 -1.05
Couch 0.00 0 0.00 0.00 0.00 0.00 0.00 1.17 1.24 2.23 -3.99 0.53 2.79 -4.06
Chair 0.00 0 0.00 0.00 0.00 0.00 0.00 0.83 0.65 0.62 -2.41 0.28 -1.00 -2.41
Chair 0.00 0 0.00 0.00 0.00 0.00 0.00 0.94 0.77 0.72 -2.73 0.35 -0.17 -2.45
Chair 0.00 0 0.00 0.00 0.00 0.00 0.00 0.87 0.67 0.86 -1.54 0.25 -1.01 -2.39
Table 0.00 0 0.00 0.00 0.00 0.00 0.00 0.80 0.86 1.40 -0.79 0.21 -2.86 0.67
Chair 0.00 0 0.00 0.00 0.00 0.00 0.00 0.78 0.72 0.67 -0.81 0.23 -0.68 -2.44
Chair 0.00 0 0.00 0.00 0.00 0.00 0.00 0.78 0.67 0.67 -0.57 0.28 0.06 -3.59
Chair 0.00 0 0.00 0.00 0.00 0.00 0.00 0.43 0.64 0.67 0.44 0.09 -0.16 -0.20
Couch 0.00 0 0.00 0.00 0.00 0.00 0.00 0.93 0.88 1.68 1.72 0.19 0.08 -1.76
Chair 0.00 0 0.00 0.00 0.00 0.00 0.00 1.01 0.92 0.79 0.70 0.18 1.34 -4.30
