Person 0.00 0 0.00 0.00 0.00 0.00 0.00 1.81 0.73 0.68 -1.50 0.32 -2.51 -0.91
Person 0.00 0 0.00 0.00 0.00 0.00 0.00 1.76 0.72 0.44 -1.01 0.26 -1.95 -1.17
Couch 0.00 0 0.00 0.00 0.00 0.00 0.00 1.17 1.24 2.23 -5.15 0.59 -1.12 1.21
Chair 0.00 0 0.00 0.00 0.00 0.00 0.00 0.75 0.65 0.62 -0.99 0.12 -1.20 -3.53
Chair 0.00 0 0.00 0.00 0.00 0.00 0.00 0.94 0.77 0.63 -1.92 0.15 -1.17 -3.54
Chair 0.00 0 0.00 0.00 0.00 0.00 0.00 0.78 0.67 0.67 -0.73 0.17 -0.43 -3.52
Table 0.00 0 0.00 0.00 0.00 0.00 0.00 0.80 0.86 1.40 1.35 0.19 -0.65 -0.46
Chair 0.00 0 0.00 0.00 0.00 0.00 0.00 0.78 0.67 0.67 -0.64 0.20 0.35 -3.57
Chair 0.00 0 0.00 0.00 0.00 0.00 0.00 0.78 0.67 0.67 -1.26 0.20 0.85 1.48
Chair 0.00 0 0.00 0.00 0.00 0.00 0.00 0.43 0.64 0.67 -0.53 0.25 1.67 -1.32
Couch 0.00 0 0.00 0.00 0.00 0.00 0.00 0.93 0.88 1.68 0.10 0.25 2.88 -2.92
Chair 0.00 0 0.00 0.00 0.00 0.00 0.00 1.01 0.92 0.79 -1.74 0.18 2.61 0.39
Table 0.00 0 0.00 0.00 0.00 0.00 0.00 0.57 1.19 0.56 -0.26 0.23 2.09 -4.54
