Person 0.00 0 0.00 0.00 0.00 0.00 0.00 1.85 0.73 0.73 -0.98 0.32 -2.32 -1.03
Person 0.00 0 0.00 0.00 0.00 0.00 0.00 1.85 0.81 0.68 -0.83 0.32 1.44 0.72
Couch 0.00 0 0.00 0.00 0.00 0.00 0.00 1.17 1.24 2.23 0.75 0.33 1.41 -2.56
Chair 0.00 0 0.00 0.00 0.00 0.00 0.00 0.94 0.78 0.72 -2.08 0.18 -0.09 -0.91
Chair 0.00 0 0.00 0.00 0.00 0.00 0.00 0.95 0.67 0.67 -1.70 0.33 -2.25 -2.11
Chair 0.00 0 0.00 0.00 0.00 0.00 0.00 0.43 0.64 0.67 -1.81 0.37 -3.40 1.24
Couch 0.00 0 0.00 0.00 0.00 0.00 0.00 0.93 1.02 1.83 -1.43 0.35 -4.61 -0.23
Chair 0.00 0 0.00 0.00 0.00 0.00 0.00 0.88 0.68 0.64 0.36 0.19 -1.52 -2.59
Couch 0.00 0 0.00 0.00 0.00 0.00 0.00 0.81 0.80 1.28 0.85 0.16 -0.67 -4.16
Table 0.00 0 0.00 0.00 0.00 0.00 0.00 0.64 1.24 0.57 -1.77 0.41 -3.84 -1.87
