Person 0.00 0 0.00 0.00 0.00 0.00 0.00 1.78 0.82 0.73 -0.15 0.42 -1.30 -2.27
Person 0.00 0 0.00 0.00 0.00 0.00 0.00 1.81 0.82 0.66 -3.01 0.39 2.03 0.32
Couch 0.00 0 0.00 0.00 0.00 0.00 0.00 1.17 1.24 2.23 -2.06 0.45 3.45 -3.46
Chair 0.00 0 0.00 0.00 0.00 0.00 0.00 0.94 0.77 0.72 -2.52 0.45 0.24 -1.91
Chair 0.00 0 0.00 0.00 0.00 0.00 0.00 0.87 0.72 0.86 -1.92 0.40 -1.00 -1.93
Table 0.00 0 0.00 0.00 0.00 0.00 0.00 0.80 0.86 1.40 -2.21 0.33 -3.13 1.20
Chair 0.00 0 0.00 0.00 0.00 0.00 0.00 0.92 0.72 0.67 -1.09 0.37 -1.00 -1.89
Chair 0.00 0 0.00 0.00 0.00 0.00 0.00 0.89 0.67 0.67 -0.41 0.34 -0.57 -2.96
Chair 0.00 0 0.00 0.00 0.00 0.00 0.00 0.43 0.64 0.67 0.25 0.26 -1.44 0.24
Couch 0.00 0 0.00 0.00 0.00 0.00 0.00 0.93 1.02 1.83 1.53 0.30 -1.85 -1.32
Chair 0.00 0 0.00 0.00 0.00 0.00 0.00 1.15 0.92 0.79 1.19 0.28 -0.37 -4.24
Table 0.00 0 0.00 0.00 0.00 0.00 0.00 0.60 1.18 0.59 0.70 0.28 -1.67 -2.95
