Person 0.00 0 0.00 0.00 0.00 0.00 0.00 1.78 0.81 0.77 -1.20 0.37 -1.57 -0.73
Couch 0.00 0 0.00 0.00 0.00 0.00 0.00 1.17 1.24 2.23 -3.01 0.47 3.48 -3.77
Chair 0.00 0 0.00 0.00 0.00 0.00 0.00 0.83 0.65 0.62 -2.66 0.32 -0.62 -2.21
Chair 0.00 0 0.00 0.00 0.00 0.00 0.00 0.94 0.77 0.72 -2.71 0.28 0.17 -2.23
Chair 0.00 0 0.00 0.00 0.00 0.00 0.00 0.87 0.67 0.86 -1.69 0.22 -0.83 -2.21
Table 0.00 0 0.00 0.00 0.00 0.00 0.00 0.80 0.86 1.40 -1.62 0.25 -2.78 0.96
Chair 0.00 0 0.00 0.00 0.00 0.00 0.00 0.78 0.72 0.67 -0.93 0.20 -0.65 -2.22
Chair 0.00 0 0.00 0.00 0.00 0.00 0.00 0.78 0.67 0.67 -0.47 0.19 -0.02 -2.85
Chair 0.00 0 0.00 0.00 0.00 0.00 0.00 0.43 0.64 0.67 0.38 0.17 -0.51 0.12
Couch 0.00 0 0.00 0.00 0.00 0.00 0.00 0.93 0.88 1.68 1.70 0.16 -0.70 -1.58
Chair 0.00 0 0.00 0.00 0.00 0.00 0.00 1.01 0.92 0.79 1.01 0.18 0.81 -4.22
Table 0.00 0 0.00 0.00 0.00 0.00 0.00 0.57 1.19 0.56 0.85 0.17 -0.66 -3.11
