Person 0.00 0 0.00 0.00 0.00 0.00 0.00 1.81 0.73 0.68 -0.87 0.31 -2.50 -1.33
Person 0.00 0 0.00 0.00 0.00 0.00 0.00 1.76 0.72 0.51 -1.44 0.32 -2.11 -0.62
Couch 0.00 0 0.00 0.00 0.00 0.00 0.00 1.17 1.24 2.23 -5.22 0.49 -1.03 1.23
Chair 0.00 0 0.00 0.00 0.00 0.00 0.00 0.75 0.65 0.62 -1.19 0.10 -1.52 -3.54
Chair 0.00 0 0.00 0.00 0.00 0.00 0.00 0.94 0.77 0.72 -2.13 0.28 -1.42 -3.57
Chair 0.00 0 0.00 0.00 0.00 0.00 0.00 0.78 0.67 0.67 -0.83 0.16 -0.81 -3.53
Table 0.00 0 0.00 0.00 0.00 0.00 0.00 0.80 0.86 1.40 1.18 0.14 -1.27 -0.33
Chair 0.00 0 0.00 0.00 0.00 0.00 0.00 0.78 0.67 0.67 -0.68 0.20 -0.06 -3.52
Chair 0.00 0 0.00 0.00 0.00 0.00 0.00 0.78 0.67 0.67 -1.16 0.20 0.51 1.48
Chair 0.00 0 0.00 0.00 0.00 0.00 0.00 0.43 0.64 0.67 -0.31 0.21 1.21 -1.13
Couch 0.00 0 0.00 0.00 0.00 0.00 0.00 0.93 0.88 1.68 0.32 0.25 2.46 -2.85
Chair 0.00 0 0.00 0.00 0.00 0.00 0.00 1.01 0.92 0.79 -1.45 0.40 2.36 1.24
Table 0.00 0 0.00 0.00 0.00 0.00 0.00 0.57 1.19 0.56 -0.06 0.24 1.70 -4.37
