Person 0.00 0 0.00 0.00 0.00 0.00 0.00 1.77 0.86 0.78 -3.30 0.28 0.06 -0.23
Person 0.00 0 0.00 0.00 0.00 0.00 0.00 1.76 0.89 0.78 -1.64 0.24 -0.45 -1.10
Couch 0.00 0 0.00 0.00 0.00 0.00 0.00 1.17 1.24 2.23 -4.33 0.58 2.76 -4.57
Chair 0.00 0 0.00 0.00 0.00 0.00 0.00 0.75 0.67 0.63 -0.83 0.17 0.44 -3.17
Chair 0.00 0 0.00 0.00 0.00 0.00 0.00 0.94 0.67 0.59 -2.27 0.28 0.57 -3.14
Chair 0.00 0 0.00 0.00 0.00 0.00 0.00 0.94 0.77 0.63 -1.56 0.23 0.95 -3.17
Chair 0.00 0 0.00 0.00 0.00 0.00 0.00 0.78 0.67 0.63 -0.23 0.17 0.95 -3.11
Table 0.00 0 0.00 0.00 0.00 0.00 0.00 0.80 0.86 1.40 1.42 0.17 -0.21 0.07
Chair 0.00 0 0.00 0.00 0.00 0.00 0.00 0.43 0.58 0.67 1.03 0.19 2.71 -0.77
Couch 0.00 0 0.00 0.00 0.00 0.00 0.00 0.93 1.00 1.68 2.20 0.49 3.65 -2.39
Table 0.00 0 0.00 0.00 0.00 0.00 0.00 0.57 1.19 0.56 1.56 0.23 2.93 -3.99
