Person 0.00 0 0.00 0.00 0.00 0.00 0.00 1.78 0.81 0.77 -1.23 0.39 -1.47 -0.65
Couch 0.00 0 0.00 0.00 0.00 0.00 0.00 1.17 1.24 2.23 -2.63 0.45 3.78 -3.61
Chair 0.00 0 0.00 0.00 0.00 0.00 0.00 0.83 0.65 0.62 -2.68 0.26 -0.44 -2.05
Chair 0.00 0 0.00 0.00 0.00 0.00 0.00 0.94 0.77 0.72 -2.71 0.26 0.32 -2.09
Chair 0.00 0 0.00 0.00 0.00 0.00 0.00 0.87 0.67 0.86 -1.77 0.21 -0.73 -2.09
Table 0.00 0 0.00 0.00 0.00 0.00 0.00 0.80 0.86 1.40 -1.95 0.28 -2.67 1.12
Chair 0.00 0 0.00 0.00 0.00 0.00 0.00 0.78 0.72 0.67 -0.97 0.19 -0.65 -2.15
Chair 0.00 0 0.00 0.00 0.00 0.00 0.00 0.78 0.67 0.67 -0.44 0.19 -0.05 -2.67
Chair 0.00 0 0.00 0.00 0.00 0.00 0.00 0.43 0.64 0.67 0.31 0.15 -0.63 0.21
Couch 0.00 0 0.00 0.00 0.00 0.00 0.00 0.93 0.88 1.68 1.68 0.16 -0.90 -1.51
Chair 0.00 0 0.00 0.00 0.00 0.00 0.00 1.01 0.92 0.79 1.05 0.18 0.67 -4.22
Table 0.00 0 0.00 0.00 0.00 0.00 0.00 0.57 1.19 0.56 0.83 0.20 -0.74 -3.06
