Person 0.00 0 0.00 0.00 0.00 0.00 0.00 1.78 0.81 0.68 -0.31 0.27 -1.57 -1.05
Person 0.00 0 0.00 0.00 0.00 0.00 0.00 1.81 0.82 0.66 -3.49 0.46 1.24 -0.54
Couch 0.00 0 0.00 0.00 0.00 0.00 0.00 1.17 1.24 2.23 -2.46 0.48 3.30 -3.61
Chair 0.00 0 0.00 0.00 0.00 0.00 0.00 0.94 0.77 0.72 -2.51 0.34 0.09 -2.05
Chair 0.00 0 0.00 0.00 0.00 0.00 0.00 0.87 0.67 0.86 -1.79 0.32 -1.03 -2.02
Table 0.00 0 0.00 0.00 0.00 0.00 0.00 0.80 0.86 1.40 -1.94 0.27 -3.13 1.10
Chair 0.00 0 0.00 0.00 0.00 0.00 0.00 0.92 0.72 0.67 -0.96 0.37 -0.96 -2.02
Chair 0.00 0 0.00 0.00 0.00 0.00 0.00 0.85 0.67 0.67 -0.36 0.25 -0.49 -2.87
Chair 0.00 0 0.00 0.00 0.00 0.00 0.00 0.43 0.64 0.67 0.36 0.27 -1.21 0.24
Couch 0.00 0 0.00 0.00 0.00 0.00 0.00 0.93 1.02 1.83 1.70 0.32 -1.57 -1.41
Chair 0.00 0 0.00 0.00 0.00 0.00 0.00 1.15 0.92 0.79 1.23 0.38 0.03 -3.91
Table 0.00 0 0.00 0.00 0.00 0.00 0.00 0.60 1.18 0.59 0.85 0.28 -1.45 -2.97
