Person 0.00 0 0.00 0.00 0.00 0.00 0.00 1.78 0.72 0.74 -1.68 0.35 -1.53 -0.72
Couch 0.00 0 0.00 0.00 0.00 0.00 0.00 1.17 1.24 2.23 -4.25 0.65 2.97 -4.17
Chair 0.00 0 0.00 0.00 0.00 0.00 0.00 0.78 0.67 0.72 -1.27 0.16 -0.38 -2.58
Table 0.00 0 0.00 0.00 0.00 0.00 0.00 0.80 0.86 1.40 -0.31 0.28 -2.26 0.54
Chair 0.00 0 0.00 0.00 0.00 0.00 0.00 0.78 0.72 0.67 -0.58 0.20 0.08 -2.59
Chair 0.00 0 0.00 0.00 0.00 0.00 0.00 0.78 0.67 0.67 -0.42 0.20 0.81 -3.63
Chair 0.00 0 0.00 0.00 0.00 0.00 0.00 0.43 0.64 0.67 0.56 0.18 0.58 -0.41
Couch 0.00 0 0.00 0.00 0.00 0.00 0.00 0.93 0.88 1.68 2.03 0.25 0.87 -1.95
Chair 0.00 0 0.00 0.00 0.00 0.00 0.00 1.01 0.92 0.79 0.66 0.23 2.18 1.54
Table 0.00 0 0.00 0.00 0.00 0.00 0.00 0.57 1.19 0.56 1.20 0.17 0.60 -3.54
