Person 0.00 0 0.00 0.00 0.00 0.00 0.00 1.78 0.81 0.68 -0.38 0.22 -1.57 -1.05
Person 0.00 0 0.00 0.00 0.00 0.00 0.00 1.81 0.82 0.66 -3.55 0.47 1.18 0.25
Couch 0.00 0 0.00 0.00 0.00 0.00 0.00 1.17 1.24 2.23 -2.50 0.48 3.24 -3.64
Chair 0.00 0 0.00 0.00 0.00 0.00 0.00 0.94 0.77 0.72 -2.50 0.36 0.01 -2.02
Chair 0.00 0 0.00 0.00 0.00 0.00 0.00 0.87 0.67 0.86 -1.69 0.31 -1.11 -2.07
Table 0.00 0 0.00 0.00 0.00 0.00 0.00 0.80 0.86 1.40 -1.89 0.29 -3.14 1.10
Chair 0.00 0 0.00 0.00 0.00 0.00 0.00 0.92 0.72 0.67 -1.01 0.25 -1.06 -2.04
Chair 0.00 0 0.00 0.00 0.00 0.00 0.00 0.85 0.67 0.67 -0.44 0.19 -0.45 -3.38
Chair 0.00 0 0.00 0.00 0.00 0.00 0.00 0.43 0.64 0.67 0.38 0.27 -1.20 0.23
Couch 0.00 0 0.00 0.00 0.00 0.00 0.00 0.93 1.02 1.83 1.74 0.25 -1.50 -1.40
Chair 0.00 0 0.00 0.00 0.00 0.00 0.00 1.15 0.92 0.79 1.27 0.33 0.10 -3.79
Table 0.00 0 0.00 0.00 0.00 0.00 0.00 0.60 1.19 0.62 0.86 0.28 -1.43 -2.96
