Person 0.00 0 0.00 0.00 0.00 0.00 0.00 1.78 0.71 0.64 -0.55 0.41 -1.96 -1.34
Couch 0.00 0 0.00 0.00 0.00 0.00 0.00 1.17 1.24 2.23 -4.75 0.57 1.47 -4.33
Chair 0.00 0 0.00 0.00 0.00 0.00 0.00 0.83 0.65 0.62 -2.03 0.24 -1.58 -2.79
Chair 0.00 0 0.00 0.00 0.00 0.00 0.00 0.94 0.77 0.72 -2.57 0.43 -0.97 -2.85
Chair 0.00 0 0.00 0.00 0.00 0.00 0.00 0.87 0.67 0.86 -1.23 0.27 -1.31 -2.86
Table 0.00 0 0.00 0.00 0.00 0.00 0.00 0.80 0.86 1.40 0.13 0.23 -2.84 0.31
Chair 0.00 0 0.00 0.00 0.00 0.00 0.00 0.78 0.72 0.67 -0.59 0.24 -0.74 -2.89
Chair 0.00 0 0.00 0.00 0.00 0.00 0.00 0.78 0.67 0.67 -0.64 0.20 0.05 -4.28
Chair 0.00 0 0.00 0.00 0.00 0.00 0.00 0.43 0.64 0.67 0.34 0.12 0.17 -0.71
Chair 0.00 0 0.00 0.00 0.00 0.00 0.00 1.01 0.92 0.79 0.18 0.24 1.62 1.35
