Person 0.00 0 0.00 0.00 0.00 0.00 0.00 1.72 0.92 0.68 -2.63 0.36 -1.19 -0.47
Person 0.00 0 0.00 0.00 0.00 0.00 0.00 1.62 0.82 0.43 -1.25 0.24 -1.21 -0.56
Couch 0.00 0 0.00 0.00 0.00 0.00 0.00 1.17 1.24 2.23 -5.07 0.73 0.95 1.34
Chair 0.00 0 0.00 0.00 0.00 0.00 0.00 0.75 0.67 0.63 -0.92 0.18 -0.09 -3.38
Chair 0.00 0 0.00 0.00 0.00 0.00 0.00 0.94 0.77 0.63 -1.89 0.20 0.20 -3.38
Chair 0.00 0 0.00 0.00 0.00 0.00 0.00 0.78 0.67 0.67 -0.55 0.19 0.57 -3.47
Table 0.00 0 0.00 0.00 0.00 0.00 0.00 0.80 0.86 1.40 1.40 0.13 0.03 -0.24
Chair 0.00 0 0.00 0.00 0.00 0.00 0.00 0.43 0.58 0.67 0.05 0.26 2.69 -1.08
Couch 0.00 0 0.00 0.00 0.00 0.00 0.00 0.93 1.00 1.68 0.81 0.37 3.84 -2.77
Chair 0.00 0 0.00 0.00 0.00 0.00 0.00 1.01 0.92 0.79 -0.99 0.47 3.78 0.88
Table 0.00 0 0.00 0.00 0.00 0.00 0.00 0.57 1.19 0.56 0.38 0.23 3.08 -4.31
