Person 0.00 0 0.00 0.00 0.00 0.00 0.00 1.77 0.92 0.84 -3.00 0.39 -0.72 -0.36
Person 0.00 0 0.00 0.00 0.00 0.00 0.00 1.62 0.82 0.43 -1.43 0.20 -0.93 -0.54
Couch 0.00 0 0.00 0.00 0.00 0.00 0.00 1.17 1.24 2.23 -4.94 0.68 1.61 1.46
Chair 0.00 0 0.00 0.00 0.00 0.00 0.00 0.75 0.67 0.63 -0.95 0.18 0.06 -3.26
Chair 0.00 0 0.00 0.00 0.00 0.00 0.00 0.94 0.67 0.59 -2.42 0.35 -0.05 -3.30
Chair 0.00 0 0.00 0.00 0.00 0.00 0.00 0.94 0.77 0.63 -1.83 0.22 0.50 -3.25
Chair 0.00 0 0.00 0.00 0.00 0.00 0.00 0.78 0.67 0.67 -0.49 0.19 0.67 -3.33
Table 0.00 0 0.00 0.00 0.00 0.00 0.00 0.80 0.86 1.40 1.39 0.14 -0.02 -0.15
Chair 0.00 0 0.00 0.00 0.00 0.00 0.00 0.43 0.58 0.67 0.36 0.24 2.75 -1.01
Couch 0.00 0 0.00 0.00 0.00 0.00 0.00 0.93 1.00 1.68 1.20 0.41 3.81 -2.70
Chair 0.00 0 0.00 0.00 0.00 0.00 0.00 1.01 0.92 0.79 -0.52 0.40 3.95 1.18
Table 0.00 0 0.00 0.00 0.00 0.00 0.00 0.57 1.19 0.56 0.69 0.25 3.09 -4.26
