Person 0.00 0 0.00 0.00 0.00 0.00 0.00 1.77 0.92 0.75 -2.78 0.36 -0.94 -0.40
Person 0.00 0 0.00 0.00 0.00 0.00 0.00 1.62 0.82 0.43 -1.35 0.22 -1.10 -0.53
Couch 0.00 0 0.00 0.00 0.00 0.00 0.00 1.17 1.24 2.23 -5.10 0.71 1.30 1.37
Chair 0.00 0 0.00 0.00 0.00 0.00 0.00 0.75 0.67 0.63 -0.92 0.18 -0.00 -3.41
Chair 0.00 0 0.00 0.00 0.00 0.00 0.00 0.94 0.77 0.63 -1.85 0.21 0.34 -3.31
Chair 0.00 0 0.00 0.00 0.00 0.00 0.00 0.78 0.67 0.67 -0.50 0.19 0.63 -3.40
Table 0.00 0 0.00 0.00 0.00 0.00 0.00 0.80 0.86 1.40 1.44 0.13 0.05 -0.22
Chair 0.00 0 0.00 0.00 0.00 0.00 0.00 0.43 0.58 0.67 0.22 0.26 2.69 -1.04
Couch 0.00 0 0.00 0.00 0.00 0.00 0.00 0.93 1.00 1.68 0.94 0.34 3.82 -2.73
Chair 0.00 0 0.00 0.00 0.00 0.00 0.00 1.01 0.92 0.79 -0.76 0.50 3.90 1.03
Table 0.00 0 0.00 0.00 0.00 0.00 0.00 0.57 1.19 0.56 0.51 0.25 3.10 -4.29
