Person 0.00 0 0.00 0.00 0.00 0.00 0.00 1.85 0.78 0.85 -0.41 0.34 -2.16 -1.32
Person 0.00 0 0.00 0.00 0.00 0.00 0.00 1.85 0.82 0.63 -1.88 0.29 1.88 0.58
Couch 0.00 0 0.00 0.00 0.00 0.00 0.00 1.17 1.24 2.23 -0.90 0.38 2.85 -3.17
Chair 0.00 0 0.00 0.00 0.00 0.00 0.00 0.94 0.78 0.69 -2.29 0.46 -0.13 -1.62
Chair 0.00 0 0.00 0.00 0.00 0.00 0.00 0.87 0.72 0.88 -2.07 0.32 -1.50 -1.64
Table 0.00 0 0.00 0.00 0.00 0.00 0.00 0.80 0.86 1.40 -2.90 0.32 -3.39 1.48
Chair 0.00 0 0.00 0.00 0.00 0.00 0.00 0.92 0.74 0.62 -1.26 0.42 -1.81 -1.72
Chair 0.00 0 0.00 0.00 0.00 0.00 0.00 0.95 0.67 0.67 -0.54 0.35 -1.42 -2.77
Chair 0.00 0 0.00 0.00 0.00 0.00 0.00 0.43 0.64 0.67 -0.09 0.26 -2.42 0.65
Couch 0.00 0 0.00 0.00 0.00 0.00 0.00 0.93 1.02 1.83 0.98 0.25 -3.31 -0.97
Chair 0.00 0 0.00 0.00 0.00 0.00 0.00 0.88 0.72 0.63 0.49 0.13 0.40 -3.28
Couch 0.00 0 0.00 0.00 0.00 0.00 0.00 0.91 0.81 1.28 0.42 0.27 1.42 1.42
Table 0.00 0 0.00 0.00 0.00 0.00 0.00 0.60 1.18 0.59 0.29 0.28 -2.79 -2.61
